"ip","time","path","useragent","source"
"172.69.176.103","2025-11-16T01:36:00Z","/wp-content/plugins/hellopress/wp_filemanager.php","-","plugin_php"
"162.158.170.18","2025-11-16T01:36:19Z","/wp-content/plugins/hellopress/wp_filemanager.php","-","plugin_php"
"162.158.108.17","2025-11-16T02:23:09Z","/wp-content/plugins/fix/up.php","Mozilla/5.0 (Windows NT 10.0; Win64; x64) AppleWebKit/537.36 (KHTML, like Gecko) Chrome/85.0.4183.102 Safari/537.36","plugin_php"
"162.158.162.126","2025-11-16T02:23:11Z","/wp-content/plugins/apikey/apikey.php?test=hello","Mozlila/5.0 (Linux; Android 7.0; SM-G892A Bulid/NRD90M; wv) AppleWebKit/537.36 (KHTML, like Gecko) Version/4.0 Chrome/60.0.3112.107 Moblie Safari/537.36","plugin_php"
"172.70.208.81","2025-11-16T03:35:06Z","/wp-content/plugins/fix/up.php","Mozlila/5.0 (Linux; Android 7.0; SM-G892A Bulid/NRD90M; wv) AppleWebKit/537.36 (KHTML, like Gecko) Version/4.0 Chrome/60.0.3112.107 Moblie Safari/537.36","plugin_php"
"172.71.124.18","2025-11-16T04:07:01Z","/wp-content/plugins/index.php","Mozlila/5.0 (Linux; Android 7.0; SM-G892A Bulid/NRD90M; wv) AppleWebKit/537.36 (KHTML, like Gecko) Version/4.0 Chrome/60.0.3112.107 Moblie Safari/537.36Team Anon Force","plugin_php"
"162.158.162.130","2025-11-16T04:07:27Z","//wp-content/plugins/about.php","Go-http-client/2.0","plugin_php"
"162.158.107.75","2025-11-16T04:07:31Z","//wp-content/plugins/deu/ms.php","Go-http-client/2.0","plugin_php"
"172.69.176.13","2025-11-16T04:07:31Z","//wp-content/plugins/dummyyummy/wp-signup.php","Go-http-client/2.0","plugin_php"
"172.70.188.152","2025-11-16T04:07:36Z","//wp-content/plugins/aafr/uploader.php","Go-http-client/2.0","plugin_php"
"172.70.92.185","2025-11-16T04:07:37Z","//wp-content/plugins/hanau/akc.php","Go-http-client/2.0","plugin_php"
"162.158.88.42","2025-11-16T04:07:37Z","//wp-content/plugins/WordPressCore/include.php","Go-http-client/2.0","plugin_php"
"162.158.162.130","2025-11-16T04:07:41Z","//wp-content/plugins/ioxi/ioxi/dropdown.php","Go-http-client/2.0","plugin_php"
"172.69.176.13","2025-11-16T04:07:43Z","//wp-content/plugins/shell/noimg.php","Go-http-client/2.0","plugin_php"
"162.158.88.42","2025-11-16T04:07:44Z","//wp-content/plugins/index.php","Go-http-client/2.0","plugin_php"
"162.158.88.42","2025-11-16T04:07:45Z","//wp-content/plugins/view-source/ioxi-o2.php","Go-http-client/2.0","plugin_php"
"162.158.108.99","2025-11-16T04:07:51Z","//wp-content/plugins/core-plugin/include.php","Go-http-client/2.0","plugin_php"
"162.158.88.42","2025-11-16T04:08:08Z","//wp-content/plugins/linkpreview/db.php?u","Go-http-client/2.0","plugin_php"
"172.68.164.50","2025-11-16T04:08:11Z","//wp-content/plugins/three-column-screen-layout/db.php?u","Go-http-client/2.0","plugin_php"
"172.68.164.50","2025-11-16T04:08:12Z","//wp-content/plugins/seoplugins/mar.php","Go-http-client/2.0","plugin_php"
"172.70.208.72","2025-11-16T04:08:14Z","//wp-content/plugins/fix/up.php","Go-http-client/2.0","plugin_php"
"162.158.162.130","2025-11-16T04:08:15Z","//wp-content/plugins/clara/clara.php","Go-http-client/2.0","plugin_php"
"172.69.176.13","2025-11-16T04:08:18Z","//wp-content/plugins/phpad/as.php","Go-http-client/2.0","plugin_php"
"108.162.227.90","2025-11-16T04:08:21Z","//wp-content/plugins/view-ad/ms.php","Go-http-client/2.0","plugin_php"
"172.69.176.13","2025-11-16T04:08:25Z","//wp-content/plugins/dzs-zoomsounds/1877.php","Go-http-client/2.0","plugin_php"
"108.162.227.90","2025-11-16T04:08:30Z","//wp-content/plugins/Cache/Cache.php","Go-http-client/2.0","plugin_php"
"172.69.176.13","2025-11-16T04:08:31Z","//wp-content/plugins/seoplugins/db.php?u","Go-http-client/2.0","plugin_php"
"172.70.143.213","2025-11-16T04:08:32Z","//wp-content/plugins/flex/alfa.php","Go-http-client/2.0","plugin_php"
"172.71.124.36","2025-11-16T04:08:34Z","//wp-content/plugins/Core-Econ/upH.php","Go-http-client/2.0","plugin_php"
"162.158.162.130","2025-11-16T04:08:40Z","//wp-content/plugins/phpadmin/acp.php","Go-http-client/2.0","plugin_php"
"172.70.92.185","2025-11-16T04:08:41Z","//wp-content/plugins/TOPXOH/wDR.php","Go-http-client/2.0","plugin_php"
"172.70.208.72","2025-11-16T04:08:44Z","//wp-content/plugins/init-help/init.php","Go-http-client/2.0","plugin_php"
"162.158.170.105","2025-11-16T04:08:46Z","//wp-content/plugins/hello.php","Go-http-client/2.0","plugin_php"
"162.158.189.102","2025-11-16T04:08:49Z","//wp-content/plugins/press/wp-class.php","Go-http-client/2.0","plugin_php"
"162.158.162.130","2025-11-16T04:08:50Z","//wp-content/plugins/wpcall-button/button-image.php","Go-http-client/2.0","plugin_php"
"162.158.107.75","2025-11-16T04:08:52Z","//wp-content/plugins/linkpreview/index.php","Go-http-client/2.0","plugin_php"
"172.70.208.72","2025-11-16T04:08:57Z","//wp-content/plugins/apikey/b1ack.php","Go-http-client/2.0","plugin_php"
"172.71.81.213","2025-11-16T04:09:03Z","//wp-content/plugins/pwnd-1/pwnd.php","Go-http-client/2.0","plugin_php"
"172.70.143.213","2025-11-16T04:09:07Z","//wp-content/plugins/yanierin/akcc.php","Go-http-client/2.0","plugin_php"
"162.158.189.102","2025-11-16T04:09:11Z","//wp-content/plugins/pwnd/pwnd.php","Go-http-client/2.0","plugin_php"
"162.158.189.102","2025-11-16T04:09:13Z","//wp-content/plugins/kontol-1/wp-crom.php","Go-http-client/2.0","plugin_php"
"162.158.162.130","2025-11-16T04:09:14Z","//wp-content/plugins/kontol/wp-crom.php","Go-http-client/2.0","plugin_php"
"162.158.107.75","2025-11-16T04:09:21Z","//wp-content/plugins/simple-file-list/ee-upload-engine.php","Go-http-client/2.0","plugin_php"
"162.158.108.99","2025-11-16T04:09:22Z","//wp-content/plugins/age-restriction/modules/remote_support/remote_init.php","Go-http-client/2.0","plugin_php"
"108.162.227.90","2025-11-16T04:09:23Z","//wp-content/plugins/Nxploit/index.php?cmd=COMMAND","Go-http-client/2.0","plugin_php"
"172.71.124.36","2025-11-16T04:09:24Z","//wp-content/plugins/SecurityFin/SecurityFin.php","Go-http-client/2.0","plugin_php"
"162.158.189.102","2025-11-16T04:09:25Z","//wp-content/plugins/anubiss/fm.php","Go-http-client/2.0","plugin_php"
"172.69.176.13","2025-11-16T04:09:25Z","//wp-content/plugins/woocommerce-dashboard/1.php","Go-http-client/2.0","plugin_php"
"162.158.108.99","2025-11-16T04:09:26Z","//wp-content/plugins/woocommerce-homepage/1.php","Go-http-client/2.0","plugin_php"
"162.158.107.75","2025-11-16T04:09:27Z","//wp-content/plugins/schema/yanz.php","Go-http-client/2.0","plugin_php"
"172.70.143.213","2025-11-16T04:09:28Z","//wp-content/plugins/schema/geckos.php","Go-http-client/2.0","plugin_php"
"172.70.143.213","2025-11-16T04:09:30Z","//wp-content/plugins/wp-file-upload/wfu_file_downloader.php","Go-http-client/2.0","plugin_php"
"162.158.162.130","2025-11-16T04:09:32Z","//wp-content/plugins/so-pinyin-slugs/inc/main_json.php","Go-http-client/2.0","plugin_php"
"162.158.190.33","2025-11-16T04:16:15Z","/wp-content/plugins/fix/up.php","Mozilla/5.0 (Windows NT 10.0; Win64; x64) AppleWebKit/537.36 (KHTML, like Gecko) Chrome/85.0.4183.102 Safari/537.36","plugin_php"
"162.158.162.126","2025-11-16T04:27:49Z","/wp-content/plugins/hellopress/wp_filemanager.php","-","plugin_php"
"172.70.188.107","2025-11-16T04:28:48Z","//wp-content/plugins/hellopress/wp_filemanager.php","-","plugin_php"
"172.71.124.190","2025-11-16T04:29:05Z","//wp-content/plugins/core/include.php","-","plugin_php"
"162.158.163.92","2025-11-16T04:29:09Z","//wp-content/plugins/wp-apxupx.php?apx=upx","-","plugin_php"
"172.71.82.71","2025-11-16T04:29:16Z","//wp-content/plugins/linkpreview/db.php?u","-","plugin_php"
"172.71.124.190","2025-11-16T04:29:17Z","//wp-content/plugins/seoplugins/db.php?u","-","plugin_php"
"162.158.189.209","2025-11-16T04:29:17Z","//wp-content/plugins/seoplugins/mar.php","-","plugin_php"
"162.158.163.92","2025-11-16T04:29:24Z","//wp-content/plugins/index.php","-","plugin_php"
"162.158.106.154","2025-11-16T04:29:29Z","//wp-content/plugins/revslider/includes/external/page/index.php","-","plugin_php"
"172.68.164.54","2025-11-16T04:29:31Z","//wp-content/plugins/Cache/Cache.php","-","plugin_php"
"172.71.82.71","2025-11-16T04:29:48Z","//wp-content/plugins/contact-form-7/includes/js/jquery-ui/themes/smoothness/admin.php","-","plugin_php"
"172.70.208.139","2025-11-16T04:29:49Z","//wp-content/plugins/fix/up.php","-","plugin_php"
"108.162.226.20","2025-11-16T04:29:50Z","//wp-content/plugins/wordpress-seo/rk1.php","-","plugin_php"
"172.70.208.139","2025-11-16T04:29:50Z","//wp-content/plugins/zgdsfagck/rk2.php","-","plugin_php"
"172.71.82.71","2025-11-16T04:29:52Z","//wp-content/plugins/rsquaaj/index4.php","-","plugin_php"
"162.158.189.209","2025-11-16T04:30:03Z","//wp-content/plugins/wordpress-seo/rk1.php","-","plugin_php"
"172.70.188.106","2025-11-16T04:30:04Z","//wp-content/plugins/zgdsfagck/rk2.php","-","plugin_php"
"162.158.189.209","2025-11-16T04:30:05Z","//wp-content/plugins/rsquaaj/index4.php","-","plugin_php"
"104.23.175.251","2025-11-16T04:34:00Z","/wp-content/plugins/index.php","Mozlila/5.0 (Linux; Android 7.0; SM-G892A Bulid/NRD90M; wv) AppleWebKit/537.36 (KHTML, like Gecko) Version/4.0 Chrome/60.0.3112.107 Moblie Safari/537.36Team Anon Force","plugin_php"
"172.70.92.207","2025-11-16T04:50:34Z","/wp-content/plugins/wp-mail/modules/tags-contribute.php","Mozilla/5.0 (Windows NT 10.0; Win64; x64) AppleWebKit/537.36 (KHTML, like Gecko) Chrome/127.0.0.0 Safari/537.36","plugin_php"
"162.158.162.127","2025-11-16T05:05:52Z","/wp-content/plugins/fix/up.php","Mozilla/5.0 (Windows NT 10.0; Win64; x64) AppleWebKit/537.36 (KHTML, like Gecko) Chrome/85.0.4183.102 Safari/537.36","plugin_php"
"162.158.88.49","2025-11-16T05:22:53Z","/wp-content/plugins/alfacgiapi/index.php?bx=0e215962017","Mozilla/5.0 (Linux; Android 11; Redmi Note 9 Pro Build/RKQ1.200826.002; wv) AppleWebKit/537.36 (KHTML, like Gecko) Version/4.0 Chrome/90.0.4430.210 Mobile Safari/537.36","plugin_php"
"172.71.124.18","2025-11-16T05:22:53Z","/wp-content/plugins/alfacgiapi/radio.php?bx=0e215962017","Mozilla/5.0 (Linux; Android 11; Redmi Note 9 Pro Build/RKQ1.200826.002; wv) AppleWebKit/537.36 (KHTML, like Gecko) Version/4.0 Chrome/90.0.4430.210 Mobile Safari/537.36","plugin_php"
"162.158.190.34","2025-11-16T05:22:54Z","/wp-content/plugins/alfacgiapi/404.php?bx=0e215962017","Mozilla/5.0 (Linux; Android 11; Redmi Note 9 Pro Build/RKQ1.200826.002; wv) AppleWebKit/537.36 (KHTML, like Gecko) Version/4.0 Chrome/90.0.4430.210 Mobile Safari/537.36","plugin_php"
"172.69.176.75","2025-11-16T05:22:56Z","/wp-content/plugins/ALFA_DATA/alfacgiapi/index.php?bx=0e215962017","Mozilla/5.0 (Linux; Android 11; Redmi Note 9 Pro Build/RKQ1.200826.002; wv) AppleWebKit/537.36 (KHTML, like Gecko) Version/4.0 Chrome/90.0.4430.210 Mobile Safari/537.36","plugin_php"
"172.71.81.196","2025-11-16T05:22:57Z","/wp-content/plugins/ALFA_DATA/alfacgiapi/radio.php?bx=0e215962017","Mozilla/5.0 (Linux; Android 11; Redmi Note 9 Pro Build/RKQ1.200826.002; wv) AppleWebKit/537.36 (KHTML, like Gecko) Version/4.0 Chrome/90.0.4430.210 Mobile Safari/537.36","plugin_php"
"104.23.175.250","2025-11-16T05:22:57Z","/wp-content/plugins/ALFA_DATA/alfacgiapi/404.php?bx=0e215962017","Mozilla/5.0 (Linux; Android 11; Redmi Note 9 Pro Build/RKQ1.200826.002; wv) AppleWebKit/537.36 (KHTML, like Gecko) Version/4.0 Chrome/90.0.4430.210 Mobile Safari/537.36","plugin_php"
"172.70.93.94","2025-11-16T05:23:26Z","/wp-content/plugins/library/alfacgiapi/index.php?bx=0e215962017","Mozilla/5.0 (Linux; Android 11; Redmi Note 9 Pro Build/RKQ1.200826.002; wv) AppleWebKit/537.36 (KHTML, like Gecko) Version/4.0 Chrome/90.0.4430.210 Mobile Safari/537.36","plugin_php"
"172.71.124.18","2025-11-16T05:23:26Z","/wp-content/plugins/library/alfacgiapi/radio.php?bx=0e215962017","Mozilla/5.0 (Linux; Android 11; Redmi Note 9 Pro Build/RKQ1.200826.002; wv) AppleWebKit/537.36 (KHTML, like Gecko) Version/4.0 Chrome/90.0.4430.210 Mobile Safari/537.36","plugin_php"
"162.158.163.238","2025-11-16T05:23:27Z","/wp-content/plugins/library/alfacgiapi/404.php?bx=0e215962017","Mozilla/5.0 (Linux; Android 11; Redmi Note 9 Pro Build/RKQ1.200826.002; wv) AppleWebKit/537.36 (KHTML, like Gecko) Version/4.0 Chrome/90.0.4430.210 Mobile Safari/537.36","plugin_php"
"172.70.208.80","2025-11-16T05:23:29Z","/wp-content/plugins/library/ALFA_DATA/alfacgiapi/index.php?bx=0e215962017","Mozilla/5.0 (Linux; Android 11; Redmi Note 9 Pro Build/RKQ1.200826.002; wv) AppleWebKit/537.36 (KHTML, like Gecko) Version/4.0 Chrome/90.0.4430.210 Mobile Safari/537.36","plugin_php"
"104.23.175.250","2025-11-16T05:23:30Z","/wp-content/plugins/library/ALFA_DATA/alfacgiapi/radio.php?bx=0e215962017","Mozilla/5.0 (Linux; Android 11; Redmi Note 9 Pro Build/RKQ1.200826.002; wv) AppleWebKit/537.36 (KHTML, like Gecko) Version/4.0 Chrome/90.0.4430.210 Mobile Safari/537.36","plugin_php"
"172.71.124.18","2025-11-16T05:23:30Z","/wp-content/plugins/library/ALFA_DATA/alfacgiapi/404.php?bx=0e215962017","Mozilla/5.0 (Linux; Android 11; Redmi Note 9 Pro Build/RKQ1.200826.002; wv) AppleWebKit/537.36 (KHTML, like Gecko) Version/4.0 Chrome/90.0.4430.210 Mobile Safari/537.36","plugin_php"
"162.158.106.49","2025-11-16T05:25:42Z","/wp-content/plugins/wp-diambar/includes/loadme.php","Mozlila/5.0 (Linux; Android 7.0; SM-G892A Bulid/NRD90M; wv) AppleWebKit/537.36 (KHTML, like Gecko) Version/4.0 Chrome/60.0.3112.107 Moblie Safari/537.36","plugin_php"
"172.69.176.75","2025-11-16T05:25:43Z","/wp-content/plugins/wp-diambar/includes/loadme.php","Mozlila/5.0 (Linux; Android 7.0; SM-G892A Bulid/NRD90M; wv) AppleWebKit/537.36 (KHTML, like Gecko) Version/4.0 Chrome/60.0.3112.107 Moblie Safari/537.36","plugin_php"
"162.158.163.238","2025-11-16T05:28:00Z","/wp-content/plugins/db/mar.php","Mozlila/5.0 (Linux; Android 7.0; SM-G892A Bulid/NRD90M; wv) AppleWebKit/537.36 (KHTML, like Gecko) Version/4.0 Chrome/60.0.3112.107 Moblie Safari/537.36","plugin_php"
"172.68.164.75","2025-11-16T05:28:01Z","/wp-content/plugins/db/mar.php","Mozlila/5.0 (Linux; Android 7.0; SM-G892A Bulid/NRD90M; wv) AppleWebKit/537.36 (KHTML, like Gecko) Version/4.0 Chrome/60.0.3112.107 Moblie Safari/537.36","plugin_php"
"172.71.81.196","2025-11-16T05:28:07Z","/wp-content/plugins/ndak/1.php","Mozlila/5.0 (Linux; Android 7.0; SM-G892A Bulid/NRD90M; wv) AppleWebKit/537.36 (KHTML, like Gecko) Version/4.0 Chrome/60.0.3112.107 Moblie Safari/537.36","plugin_php"
"172.70.208.80","2025-11-16T05:28:07Z","/wp-content/plugins/ndak/1.php","Mozlila/5.0 (Linux; Android 7.0; SM-G892A Bulid/NRD90M; wv) AppleWebKit/537.36 (KHTML, like Gecko) Version/4.0 Chrome/60.0.3112.107 Moblie Safari/537.36","plugin_php"
"172.68.164.74","2025-11-16T05:28:08Z","/wp-content/plugins/ndak/marijuana.php","Mozlila/5.0 (Linux; Android 7.0; SM-G892A Bulid/NRD90M; wv) AppleWebKit/537.36 (KHTML, like Gecko) Version/4.0 Chrome/60.0.3112.107 Moblie Safari/537.36","plugin_php"
"172.70.208.80","2025-11-16T05:28:09Z","/wp-content/plugins/ndak/marijuana.php","Mozlila/5.0 (Linux; Android 7.0; SM-G892A Bulid/NRD90M; wv) AppleWebKit/537.36 (KHTML, like Gecko) Version/4.0 Chrome/60.0.3112.107 Moblie Safari/537.36","plugin_php"
"172.70.189.49","2025-11-16T05:28:12Z","/wp-content/plugins/cakil/up.php","Mozlila/5.0 (Linux; Android 7.0; SM-G892A Bulid/NRD90M; wv) AppleWebKit/537.36 (KHTML, like Gecko) Version/4.0 Chrome/60.0.3112.107 Moblie Safari/537.36","plugin_php"
"162.158.88.49","2025-11-16T05:28:13Z","/wp-content/plugins/cakil/up.php","Mozlila/5.0 (Linux; Android 7.0; SM-G892A Bulid/NRD90M; wv) AppleWebKit/537.36 (KHTML, like Gecko) Version/4.0 Chrome/60.0.3112.107 Moblie Safari/537.36","plugin_php"
"162.158.163.238","2025-11-16T05:28:14Z","/wp-content/plugins/cache-wordpress/wp-activates.php","Mozlila/5.0 (Linux; Android 7.0; SM-G892A Bulid/NRD90M; wv) AppleWebKit/537.36 (KHTML, like Gecko) Version/4.0 Chrome/60.0.3112.107 Moblie Safari/537.36","plugin_php"
"162.158.106.49","2025-11-16T05:28:14Z","/wp-content/plugins/cache-wordpress/wp-activates.php","Mozlila/5.0 (Linux; Android 7.0; SM-G892A Bulid/NRD90M; wv) AppleWebKit/537.36 (KHTML, like Gecko) Version/4.0 Chrome/60.0.3112.107 Moblie Safari/537.36","plugin_php"
"108.162.226.173","2025-11-16T05:28:15Z","/wp-content/plugins/cache-wordpress/payment.php","Mozlila/5.0 (Linux; Android 7.0; SM-G892A Bulid/NRD90M; wv) AppleWebKit/537.36 (KHTML, like Gecko) Version/4.0 Chrome/60.0.3112.107 Moblie Safari/537.36","plugin_php"
"172.70.189.49","2025-11-16T05:28:15Z","/wp-content/plugins/cache-wordpress/payment.php","Mozlila/5.0 (Linux; Android 7.0; SM-G892A Bulid/NRD90M; wv) AppleWebKit/537.36 (KHTML, like Gecko) Version/4.0 Chrome/60.0.3112.107 Moblie Safari/537.36","plugin_php"
"162.158.108.95","2025-11-16T05:57:44Z","/wp-content/plugins/hellopress/wp_filemanager.php","-","plugin_php"
"162.158.108.95","2025-11-16T05:57:45Z","/wp-content/plugins/core/include.php","-","plugin_php"
"162.158.108.95","2025-11-16T05:57:46Z","/wp-content/plugins/wp-apxupx.php?apx=upx","-","plugin_php"
"162.158.108.95","2025-11-16T05:57:46Z","/wp-content/plugins/linkpreview/db.php?u","-","plugin_php"
"162.158.108.95","2025-11-16T05:57:46Z","/wp-content/plugins/seoplugins/db.php?u","-","plugin_php"
"162.158.108.95","2025-11-16T05:57:46Z","/wp-content/plugins/seoplugins/mar.php","-","plugin_php"
"162.158.108.95","2025-11-16T05:57:46Z","/wp-content/plugins/index.php","-","plugin_php"
"162.158.108.95","2025-11-16T05:57:46Z","/wp-content/plugins/revslider/includes/external/page/index.php","-","plugin_php"
"162.158.108.95","2025-11-16T05:57:46Z","/wp-content/plugins/Cache/Cache.php","-","plugin_php"
"162.158.108.95","2025-11-16T05:57:47Z","/wp-content/plugins/contact-form-7/includes/js/jquery-ui/themes/smoothness/admin.php","-","plugin_php"
"162.158.108.95","2025-11-16T05:57:47Z","/wp-content/plugins/fix/up.php","-","plugin_php"
"172.71.124.40","2025-11-16T06:14:53Z","/wp-content/plugins/hellopress/wp_filemanager.php","-","plugin_php"
"172.71.124.40","2025-11-16T06:14:54Z","/wp-content/plugins/core/include.php","-","plugin_php"
"172.71.124.40","2025-11-16T06:14:54Z","/wp-content/plugins/wp-apxupx.php?apx=upx","-","plugin_php"
"172.71.124.40","2025-11-16T06:14:55Z","/wp-content/plugins/linkpreview/db.php?u","-","plugin_php"
"172.71.124.40","2025-11-16T06:14:55Z","/wp-content/plugins/seoplugins/db.php?u","-","plugin_php"
"172.71.124.40","2025-11-16T06:14:55Z","/wp-content/plugins/seoplugins/mar.php","-","plugin_php"
"172.71.124.40","2025-11-16T06:14:55Z","/wp-content/plugins/index.php","-","plugin_php"
"172.71.124.40","2025-11-16T06:14:55Z","/wp-content/plugins/revslider/includes/external/page/index.php","-","plugin_php"
"172.71.124.40","2025-11-16T06:14:55Z","/wp-content/plugins/Cache/Cache.php","-","plugin_php"
"172.71.124.40","2025-11-16T06:14:56Z","/wp-content/plugins/contact-form-7/includes/js/jquery-ui/themes/smoothness/admin.php","-","plugin_php"
"172.71.124.40","2025-11-16T06:14:56Z","/wp-content/plugins/fix/up.php","-","plugin_php"
"172.70.188.51","2025-11-16T06:25:36Z","/wp-content/plugins/fix/up.php","Mozilla/5.0 (Windows NT 10.0; Win64; x64) AppleWebKit/537.36 (KHTML, like Gecko) Chrome/85.0.4183.102 Safari/537.36","plugin_php"
"172.71.81.168","2025-11-16T07:27:06Z","/wp-content/plugins/fix/up.php","Mozlila/5.0 (Linux; Android 7.0; SM-G892A Bulid/NRD90M; wv) AppleWebKit/537.36 (KHTML, like Gecko) Version/4.0 Chrome/60.0.3112.107 Moblie Safari/537.36","plugin_php"
"172.69.176.9","2025-11-16T07:35:33Z","/wp-content/plugins/hellopress/wp_filemanager.php","-","plugin_php"
"172.69.166.126","2025-11-16T07:35:38Z","/wp-content/plugins/core/include.php","-","plugin_php"
"162.158.106.77","2025-11-16T07:35:39Z","/wp-content/plugins/wp-apxupx.php?apx=upx","-","plugin_php"
"172.69.176.9","2025-11-16T07:35:40Z","/wp-content/plugins/linkpreview/db.php?u","-","plugin_php"
"172.71.81.168","2025-11-16T07:35:40Z","/wp-content/plugins/seoplugins/db.php?u","-","plugin_php"
"172.71.124.41","2025-11-16T07:35:40Z","/wp-content/plugins/seoplugins/mar.php","-","plugin_php"
"162.158.106.77","2025-11-16T07:35:42Z","/wp-content/plugins/index.php","-","plugin_php"
"172.70.189.164","2025-11-16T07:35:43Z","/wp-content/plugins/revslider/includes/external/page/index.php","-","plugin_php"
"172.71.81.168","2025-11-16T07:35:43Z","/wp-content/plugins/Cache/Cache.php","-","plugin_php"
"172.70.208.134","2025-11-16T07:35:46Z","/wp-content/plugins/contact-form-7/includes/js/jquery-ui/themes/smoothness/admin.php","-","plugin_php"
"172.69.166.126","2025-11-16T07:35:47Z","/wp-content/plugins/fix/up.php","-","plugin_php"
"162.158.106.155","2025-11-16T07:52:37Z","/wp-content/plugins/alfacgiapi/index.php?bx=0e215962017","Mozilla/5.0 (Linux; Android 11; Redmi Note 9 Pro Build/RKQ1.200826.002; wv) AppleWebKit/537.36 (KHTML, like Gecko) Version/4.0 Chrome/90.0.4430.210 Mobile Safari/537.36","plugin_php"
"172.69.176.137","2025-11-16T07:52:38Z","/wp-content/plugins/alfacgiapi/radio.php?bx=0e215962017","Mozilla/5.0 (Linux; Android 11; Redmi Note 9 Pro Build/RKQ1.200826.002; wv) AppleWebKit/537.36 (KHTML, like Gecko) Version/4.0 Chrome/90.0.4430.210 Mobile Safari/537.36","plugin_php"
"172.70.208.129","2025-11-16T07:52:38Z","/wp-content/plugins/alfacgiapi/404.php?bx=0e215962017","Mozilla/5.0 (Linux; Android 11; Redmi Note 9 Pro Build/RKQ1.200826.002; wv) AppleWebKit/537.36 (KHTML, like Gecko) Version/4.0 Chrome/90.0.4430.210 Mobile Safari/537.36","plugin_php"
"172.70.92.182","2025-11-16T07:52:45Z","/wp-content/plugins/ALFA_DATA/alfacgiapi/index.php?bx=0e215962017","Mozilla/5.0 (Linux; Android 11; Redmi Note 9 Pro Build/RKQ1.200826.002; wv) AppleWebKit/537.36 (KHTML, like Gecko) Version/4.0 Chrome/90.0.4430.210 Mobile Safari/537.36","plugin_php"
"162.158.108.17","2025-11-16T07:52:46Z","/wp-content/plugins/ALFA_DATA/alfacgiapi/radio.php?bx=0e215962017","Mozilla/5.0 (Linux; Android 11; Redmi Note 9 Pro Build/RKQ1.200826.002; wv) AppleWebKit/537.36 (KHTML, like Gecko) Version/4.0 Chrome/90.0.4430.210 Mobile Safari/537.36","plugin_php"
"172.70.208.129","2025-11-16T07:52:46Z","/wp-content/plugins/ALFA_DATA/alfacgiapi/404.php?bx=0e215962017","Mozilla/5.0 (Linux; Android 11; Redmi Note 9 Pro Build/RKQ1.200826.002; wv) AppleWebKit/537.36 (KHTML, like Gecko) Version/4.0 Chrome/90.0.4430.210 Mobile Safari/537.36","plugin_php"
"172.70.188.51","2025-11-16T07:53:40Z","/wp-content/plugins/library/alfacgiapi/index.php?bx=0e215962017","Mozilla/5.0 (Linux; Android 11; Redmi Note 9 Pro Build/RKQ1.200826.002; wv) AppleWebKit/537.36 (KHTML, like Gecko) Version/4.0 Chrome/90.0.4430.210 Mobile Safari/537.36","plugin_php"
"162.158.106.155","2025-11-16T07:53:40Z","/wp-content/plugins/library/alfacgiapi/radio.php?bx=0e215962017","Mozilla/5.0 (Linux; Android 11; Redmi Note 9 Pro Build/RKQ1.200826.002; wv) AppleWebKit/537.36 (KHTML, like Gecko) Version/4.0 Chrome/90.0.4430.210 Mobile Safari/537.36","plugin_php"
"172.71.152.51","2025-11-16T07:53:41Z","/wp-content/plugins/library/alfacgiapi/404.php?bx=0e215962017","Mozilla/5.0 (Linux; Android 11; Redmi Note 9 Pro Build/RKQ1.200826.002; wv) AppleWebKit/537.36 (KHTML, like Gecko) Version/4.0 Chrome/90.0.4430.210 Mobile Safari/537.36","plugin_php"
"162.158.189.134","2025-11-16T07:53:49Z","/wp-content/plugins/library/ALFA_DATA/alfacgiapi/index.php?bx=0e215962017","Mozilla/5.0 (Linux; Android 11; Redmi Note 9 Pro Build/RKQ1.200826.002; wv) AppleWebKit/537.36 (KHTML, like Gecko) Version/4.0 Chrome/90.0.4430.210 Mobile Safari/537.36","plugin_php"
"172.71.152.51","2025-11-16T07:53:49Z","/wp-content/plugins/library/ALFA_DATA/alfacgiapi/radio.php?bx=0e215962017","Mozilla/5.0 (Linux; Android 11; Redmi Note 9 Pro Build/RKQ1.200826.002; wv) AppleWebKit/537.36 (KHTML, like Gecko) Version/4.0 Chrome/90.0.4430.210 Mobile Safari/537.36","plugin_php"
"162.158.170.222","2025-11-16T07:53:50Z","/wp-content/plugins/library/ALFA_DATA/alfacgiapi/404.php?bx=0e215962017","Mozilla/5.0 (Linux; Android 11; Redmi Note 9 Pro Build/RKQ1.200826.002; wv) AppleWebKit/537.36 (KHTML, like Gecko) Version/4.0 Chrome/90.0.4430.210 Mobile Safari/537.36","plugin_php"
"172.71.152.51","2025-11-16T07:58:02Z","/wp-content/plugins/wp-diambar/includes/loadme.php","Mozlila/5.0 (Linux; Android 7.0; SM-G892A Bulid/NRD90M; wv) AppleWebKit/537.36 (KHTML, like Gecko) Version/4.0 Chrome/60.0.3112.107 Moblie Safari/537.36","plugin_php"
"162.158.189.134","2025-11-16T07:58:03Z","/wp-content/plugins/wp-diambar/includes/loadme.php","Mozlila/5.0 (Linux; Android 7.0; SM-G892A Bulid/NRD90M; wv) AppleWebKit/537.36 (KHTML, like Gecko) Version/4.0 Chrome/60.0.3112.107 Moblie Safari/537.36","plugin_php"
"172.69.176.136","2025-11-16T08:03:08Z","/wp-content/plugins/db/mar.php","Mozlila/5.0 (Linux; Android 7.0; SM-G892A Bulid/NRD90M; wv) AppleWebKit/537.36 (KHTML, like Gecko) Version/4.0 Chrome/60.0.3112.107 Moblie Safari/537.36","plugin_php"
"162.158.106.155","2025-11-16T08:03:09Z","/wp-content/plugins/db/mar.php","Mozlila/5.0 (Linux; Android 7.0; SM-G892A Bulid/NRD90M; wv) AppleWebKit/537.36 (KHTML, like Gecko) Version/4.0 Chrome/60.0.3112.107 Moblie Safari/537.36","plugin_php"
"162.158.189.134","2025-11-16T08:03:20Z","/wp-content/plugins/ndak/1.php","Mozlila/5.0 (Linux; Android 7.0; SM-G892A Bulid/NRD90M; wv) AppleWebKit/537.36 (KHTML, like Gecko) Version/4.0 Chrome/60.0.3112.107 Moblie Safari/537.36","plugin_php"
"172.70.188.51","2025-11-16T08:03:21Z","/wp-content/plugins/ndak/1.php","Mozlila/5.0 (Linux; Android 7.0; SM-G892A Bulid/NRD90M; wv) AppleWebKit/537.36 (KHTML, like Gecko) Version/4.0 Chrome/60.0.3112.107 Moblie Safari/537.36","plugin_php"
"162.158.162.127","2025-11-16T08:03:24Z","/wp-content/plugins/ndak/marijuana.php","Mozlila/5.0 (Linux; Android 7.0; SM-G892A Bulid/NRD90M; wv) AppleWebKit/537.36 (KHTML, like Gecko) Version/4.0 Chrome/60.0.3112.107 Moblie Safari/537.36","plugin_php"
"172.70.92.182","2025-11-16T08:03:24Z","/wp-content/plugins/ndak/marijuana.php","Mozlila/5.0 (Linux; Android 7.0; SM-G892A Bulid/NRD90M; wv) AppleWebKit/537.36 (KHTML, like Gecko) Version/4.0 Chrome/60.0.3112.107 Moblie Safari/537.36","plugin_php"
"172.69.176.136","2025-11-16T08:03:33Z","/wp-content/plugins/cakil/up.php","Mozlila/5.0 (Linux; Android 7.0; SM-G892A Bulid/NRD90M; wv) AppleWebKit/537.36 (KHTML, like Gecko) Version/4.0 Chrome/60.0.3112.107 Moblie Safari/537.36","plugin_php"
"172.69.176.136","2025-11-16T08:03:34Z","/wp-content/plugins/cakil/up.php","Mozlila/5.0 (Linux; Android 7.0; SM-G892A Bulid/NRD90M; wv) AppleWebKit/537.36 (KHTML, like Gecko) Version/4.0 Chrome/60.0.3112.107 Moblie Safari/537.36","plugin_php"
"162.158.162.127","2025-11-16T08:03:36Z","/wp-content/plugins/cache-wordpress/wp-activates.php","Mozlila/5.0 (Linux; Android 7.0; SM-G892A Bulid/NRD90M; wv) AppleWebKit/537.36 (KHTML, like Gecko) Version/4.0 Chrome/60.0.3112.107 Moblie Safari/537.36","plugin_php"
"162.158.106.155","2025-11-16T08:03:37Z","/wp-content/plugins/cache-wordpress/wp-activates.php","Mozlila/5.0 (Linux; Android 7.0; SM-G892A Bulid/NRD90M; wv) AppleWebKit/537.36 (KHTML, like Gecko) Version/4.0 Chrome/60.0.3112.107 Moblie Safari/537.36","plugin_php"
"162.158.162.127","2025-11-16T08:03:39Z","/wp-content/plugins/cache-wordpress/payment.php","Mozlila/5.0 (Linux; Android 7.0; SM-G892A Bulid/NRD90M; wv) AppleWebKit/537.36 (KHTML, like Gecko) Version/4.0 Chrome/60.0.3112.107 Moblie Safari/537.36","plugin_php"
"172.68.242.33","2025-11-16T08:03:40Z","/wp-content/plugins/cache-wordpress/payment.php","Mozlila/5.0 (Linux; Android 7.0; SM-G892A Bulid/NRD90M; wv) AppleWebKit/537.36 (KHTML, like Gecko) Version/4.0 Chrome/60.0.3112.107 Moblie Safari/537.36","plugin_php"
"162.158.170.222","2025-11-16T08:03:51Z","/wp-content/plugins/cekidot/mar.php","Mozlila/5.0 (Linux; Android 7.0; SM-G892A Bulid/NRD90M; wv) AppleWebKit/537.36 (KHTML, like Gecko) Version/4.0 Chrome/60.0.3112.107 Moblie Safari/537.36","plugin_php"
"172.68.164.21","2025-11-16T08:03:51Z","/wp-content/plugins/cekidot/mar.php","Mozlila/5.0 (Linux; Android 7.0; SM-G892A Bulid/NRD90M; wv) AppleWebKit/537.36 (KHTML, like Gecko) Version/4.0 Chrome/60.0.3112.107 Moblie Safari/537.36","plugin_php"
"172.68.242.33","2025-11-16T08:04:36Z","/wp-content/plugins/linkpreview/db.php?u","Mozlila/5.0 (Linux; Android 7.0; SM-G892A Bulid/NRD90M; wv) AppleWebKit/537.36 (KHTML, like Gecko) Version/4.0 Chrome/60.0.3112.107 Moblie Safari/537.36","plugin_php"
"172.70.188.51","2025-11-16T08:04:37Z","/wp-content/plugins/linkpreview/db.php?u","Mozlila/5.0 (Linux; Android 7.0; SM-G892A Bulid/NRD90M; wv) AppleWebKit/537.36 (KHTML, like Gecko) Version/4.0 Chrome/60.0.3112.107 Moblie Safari/537.36","plugin_php"
"172.70.92.182","2025-11-16T08:04:52Z","/wp-content/plugins/virr/v.php","Mozlila/5.0 (Linux; Android 7.0; SM-G892A Bulid/NRD90M; wv) AppleWebKit/537.36 (KHTML, like Gecko) Version/4.0 Chrome/60.0.3112.107 Moblie Safari/537.36","plugin_php"
"172.70.92.182","2025-11-16T08:04:52Z","/wp-content/plugins/virr/v.php","Mozlila/5.0 (Linux; Android 7.0; SM-G892A Bulid/NRD90M; wv) AppleWebKit/537.36 (KHTML, like Gecko) Version/4.0 Chrome/60.0.3112.107 Moblie Safari/537.36","plugin_php"
"172.70.92.182","2025-11-16T08:04:55Z","/wp-content/plugins/virr/uploader.php?uploader","Mozlila/5.0 (Linux; Android 7.0; SM-G892A Bulid/NRD90M; wv) AppleWebKit/537.36 (KHTML, like Gecko) Version/4.0 Chrome/60.0.3112.107 Moblie Safari/537.36","plugin_php"
"162.158.108.16","2025-11-16T08:04:56Z","/wp-content/plugins/virr/uploader.php?uploader","Mozlila/5.0 (Linux; Android 7.0; SM-G892A Bulid/NRD90M; wv) AppleWebKit/537.36 (KHTML, like Gecko) Version/4.0 Chrome/60.0.3112.107 Moblie Safari/537.36","plugin_php"
"108.162.226.141","2025-11-16T08:05:00Z","/wp-content/plugins/db/uploader.php?uploader","Mozlila/5.0 (Linux; Android 7.0; SM-G892A Bulid/NRD90M; wv) AppleWebKit/537.36 (KHTML, like Gecko) Version/4.0 Chrome/60.0.3112.107 Moblie Safari/537.36","plugin_php"
"172.70.92.182","2025-11-16T08:05:00Z","/wp-content/plugins/db/uploader.php?uploader","Mozlila/5.0 (Linux; Android 7.0; SM-G892A Bulid/NRD90M; wv) AppleWebKit/537.36 (KHTML, like Gecko) Version/4.0 Chrome/60.0.3112.107 Moblie Safari/537.36","plugin_php"
"172.71.152.52","2025-11-16T08:05:02Z","/wp-content/plugins/wp-freeform/wawe.php","Mozlila/5.0 (Linux; Android 7.0; SM-G892A Bulid/NRD90M; wv) AppleWebKit/537.36 (KHTML, like Gecko) Version/4.0 Chrome/60.0.3112.107 Moblie Safari/537.36","plugin_php"
"172.70.208.128","2025-11-16T08:05:03Z","/wp-content/plugins/wp-freeform/wawe.php","Mozlila/5.0 (Linux; Android 7.0; SM-G892A Bulid/NRD90M; wv) AppleWebKit/537.36 (KHTML, like Gecko) Version/4.0 Chrome/60.0.3112.107 Moblie Safari/537.36","plugin_php"
"172.69.176.136","2025-11-16T08:05:06Z","/wp-content/plugins/wp-freeform/includes/loadme.php","Mozlila/5.0 (Linux; Android 7.0; SM-G892A Bulid/NRD90M; wv) AppleWebKit/537.36 (KHTML, like Gecko) Version/4.0 Chrome/60.0.3112.107 Moblie Safari/537.36","plugin_php"
"162.158.88.77","2025-11-16T08:05:06Z","/wp-content/plugins/wp-freeform/includes/loadme.php","Mozlila/5.0 (Linux; Android 7.0; SM-G892A Bulid/NRD90M; wv) AppleWebKit/537.36 (KHTML, like Gecko) Version/4.0 Chrome/60.0.3112.107 Moblie Safari/537.36","plugin_php"
"172.70.92.182","2025-11-16T08:05:12Z","/wp-content/plugins/wp-freeform/style.php","Mozlila/5.0 (Linux; Android 7.0; SM-G892A Bulid/NRD90M; wv) AppleWebKit/537.36 (KHTML, like Gecko) Version/4.0 Chrome/60.0.3112.107 Moblie Safari/537.36","plugin_php"
"108.162.226.141","2025-11-16T08:05:12Z","/wp-content/plugins/wp-freeform/style.php","Mozlila/5.0 (Linux; Android 7.0; SM-G892A Bulid/NRD90M; wv) AppleWebKit/537.36 (KHTML, like Gecko) Version/4.0 Chrome/60.0.3112.107 Moblie Safari/537.36","plugin_php"
"162.158.163.237","2025-11-16T08:19:26Z","/wp-content/plugins/fix/up.php","Mozlila/5.0 (Linux; Android 7.0; SM-G892A Bulid/NRD90M; wv) AppleWebKit/537.36 (KHTML, like Gecko) Version/4.0 Chrome/60.0.3112.107 Moblie Safari/537.36","plugin_php"
"172.68.164.20","2025-11-16T08:23:07Z","/wp-content/plugins/hellopress/wp_filemanager.php","-","plugin_php"
"172.69.166.57","2025-11-16T09:58:51Z","/wp-content/plugins/ubh/up.php","Mozilla/5.0 (Windows NT 10.0) AppleWebKit/537.36 (KHTML, like Gecko) Chrome/72.0.3626.121 Safari/537.36","plugin_php"
"162.158.189.153","2025-11-16T09:58:51Z","/wp-content/plugins/seoplugins/db.php?u","Mozilla/5.0 (Windows NT 10.0; WOW64) AppleWebKit/537.36 (KHTML, like Gecko) Chrome/84.0.4147.105 Safari/537.36","plugin_php"
"162.158.107.68","2025-11-16T09:58:52Z","/wp-content/plugins/linkpreview/db.php?u","Mozilla/5.0 (Windows NT 10.0; Win64; x64) AppleWebKit/537.36 (KHTML, like Gecko) Chrome/58.0.3029.110 Safari/537.3","plugin_php"
"162.158.189.152","2025-11-16T09:58:54Z","/wp-content/plugins/pwnd/pwnd.php","Mozilla/5.0 (Windows NT 10.0; Win64; x64) AppleWebKit/537.36 (KHTML, like Gecko) Chrome/83.0.4103.61 Safari/537.36","plugin_php"
"172.68.164.119","2025-11-16T09:58:54Z","/wp-content/plugins/pwnd-1/pwnd.php","Mozilla/5.0 (Windows NT 6.1; Win64; x64) AppleWebKit/537.36 (KHTML, like Gecko) Chrome/80.0.3987.149 Safari/537.36","plugin_php"
"162.158.108.50","2025-11-16T09:58:55Z","/wp-content/plugins/core-plugin/include.php","Mozilla/5.0 (Macintosh; Intel Mac OS X 10_15_6) AppleWebKit/537.36 (KHTML, like Gecko) Chrome/84.0.4147.105 Safari/537.36 OPR/70.0.3728.95","plugin_php"
"172.70.93.52","2025-11-16T09:58:55Z","/wp-content/plugins/envato-css.php","Mozilla/5.0 (Windows NT 10.0; Win64; x64; rv:71.0) Gecko/20100101 Firefox/71.0","plugin_php"
"172.71.81.222","2025-11-16T09:58:59Z","/wp-content/plugins/elementor/wp-wjvngrh.php","Mozilla/5.0 (X11; Linux x86_64) AppleWebKit/537.36 (KHTML, like Gecko) Chrome/84.0.4147.105 Safari/537.36","plugin_php"
"162.158.107.67","2025-11-16T09:59:05Z","/wp-content/plugins/admin.php","Mozilla/5.0 (Windows NT 10.0; Win64; x64; rv:77.0) Gecko/20100101 Firefox/77.0","plugin_php"
"162.158.162.152","2025-11-16T09:59:06Z","/wp-content/plugins/pwnd-1/admin.php","Mozilla/5.0 (X11; Ubuntu; Linux x86_64; rv:79.0) Gecko/20100101 Firefox/79.0","plugin_php"
"172.71.81.222","2025-11-16T09:59:13Z","/wp-content/plugins/bypass.php","Mozilla/5.0 (Windows NT 6.1; Win64; x64) AppleWebKit/537.36 (KHTML, like Gecko) Chrome/58.0.3029.110 Safari/537.3","plugin_php"
"162.158.170.18","2025-11-16T09:59:27Z","/wp-content/plugins/wp-theme-editor/include.php","Mozilla/5.0 (Windows NT 10.0; Win64; x64) AppleWebKit/537.36 (KHTML, like Gecko) Chrome/58.0.3029.110 Safari/537.3","plugin_php"
"162.158.107.68","2025-11-16T09:59:27Z","/wp-content/plugins/up/main.php","Mozilla/5.0 (Windows NT 6.1; Win64; x64) AppleWebKit/537.36 (KHTML, like Gecko) Chrome/80.0.3987.149 Safari/537.36","plugin_php"
"162.158.189.153","2025-11-16T09:59:29Z","/wp-content/plugins/autoload_classmap.php","Mozilla/5.0 (Windows NT 10.0; Win64; x64) AppleWebKit/537.36 (KHTML, like Gecko) Chrome/83.0.4103.97 Safari/537.36","plugin_php"
"172.71.81.222","2025-11-16T09:59:31Z","/wp-content/plugins/dummyyummy/wp-signup.php","Mozilla/5.0 (Windows NT 10.0; Win64; x64) AppleWebKit/537.36 (KHTML, like Gecko) Chrome/79.0.3945.79 Safari/537.36","plugin_php"
"172.69.166.57","2025-11-16T09:59:41Z","/wp-content/plugins/WordPressCore/index.php","Mozilla/5.0 (Windows NT 10.0; Win64; x64; rv:79.0) Gecko/20100101 Firefox/79.0","plugin_php"
"172.71.124.29","2025-11-16T09:59:44Z","/wp-content/plugins/phpadmin/as.php","Mozilla/5.0 (Macintosh; Intel Mac OS X 10_15_6) AppleWebKit/537.36 (KHTML, like Gecko) Chrome/84.0.4147.125 Safari/537.36","plugin_php"
"172.71.81.222","2025-11-16T09:59:45Z","/wp-content/plugins/hello.php","Mozilla/5.0 (Windows NT 10.0; Win64; x64; rv:66.0) Gecko/20100101 Firefox/66.0","plugin_php"
"172.71.81.222","2025-11-16T09:59:45Z","/wp-content/plugins/seoo/about.php","Mozilla/5.0 (Windows NT 10.0; Win64; x64; rv:66.0) Gecko/20100101 Firefox/66.0","plugin_php"
"162.158.162.153","2025-11-16T09:59:49Z","/wp-content/plugins/view-more/ioxi.php","Mozilla/5.0 (X11; Ubuntu; Linux i686; rv:79.0) Gecko/20100101 Firefox/79.0","plugin_php"
"162.158.170.18","2025-11-16T09:59:51Z","/wp-content/plugins/ioxi/ioxiworm.php","Mozilla/5.0 (Windows NT 6.3; Win64; x64; rv:73.0) Gecko/20100101 Firefox/73.0","plugin_php"
"172.69.166.56","2025-11-16T09:59:53Z","/wp-content/plugins/ccx/index.php","Mozilla/5.0 (Windows NT 10.0; Win64; x64; rv:79.0) Gecko/20100101 Firefox/79.0","plugin_php"
"162.158.170.18","2025-11-16T09:59:55Z","/wp-content/plugins/seoplugins/index.php","Mozilla/5.0 (Windows NT 10.0; Win64; x64; rv:66.0) Gecko/20100101 Firefox/66.0","plugin_php"
"172.71.124.29","2025-11-16T10:00:10Z","/wp-content/plugins/fix/up.php","Mozilla/5.0 (Windows NT 10.0; Win64; x64) AppleWebKit/537.36 (KHTML, like Gecko) Chrome/79.0.3945.130 Safari/537.36","plugin_php"
"172.70.93.53","2025-11-16T10:00:11Z","/wp-content/plugins/atomlib.php","Mozilla/5.0 (Windows NT 10.0) AppleWebKit/537.36 (KHTML, like Gecko) Chrome/72.0.3626.121 Safari/537.36","plugin_php"
"162.158.189.153","2025-11-16T10:00:19Z","/wp-content/plugins/index.php","Mozilla/5.0 (Windows NT 10.0; Win64; x64) AppleWebKit/537.36 (KHTML, like Gecko) Chrome/77.0.3865.90 Safari/537.36","plugin_php"
"172.71.81.222","2025-11-16T10:00:21Z","/wp-content/plugins/wp-login.php","Mozilla/5.0 (X11; Linux i686; rv:79.0) Gecko/20100101 Firefox/79.0","plugin_php"
"162.158.108.50","2025-11-16T10:00:35Z","/wp-content/plugins/fix/as.php","Mozilla/5.0 (Windows NT 10.0; Win64; x64) AppleWebKit/537.36 (KHTML, like Gecko) Chrome/83.0.4103.97 Safari/537.36","plugin_php"
"162.158.170.19","2025-11-16T10:00:37Z","/wp-content/plugins/erinyani/asasx.php","Mozilla/5.0 (Windows NT 10.0; Win64; x64; rv:76.0) Gecko/20100101 Firefox/76.0","plugin_php"
"104.23.175.74","2025-11-16T10:00:42Z","/wp-content/plugins/wp-conflg.php","Mozilla/5.0 (Windows NT 10.0; Win64; x64) AppleWebKit/537.36 (KHTML, like Gecko) Chrome/58.0.3029.110 Safari/537.3","plugin_php"
"104.23.175.74","2025-11-16T10:00:44Z","/wp-content/plugins/pwnd/admin-footer.php","Mozilla/5.0 (Windows NT 10.0; Win64; x64) AppleWebKit/537.36 (KHTML, like Gecko) Chrome/70.0.3538.77 Safari/537.36","plugin_php"
"172.69.166.56","2025-11-16T10:00:55Z","/wp-content/plugins/revslider/includes/external/page/index.php","Mozilla/5.0 (Windows NT 10.0; Win64; x64) AppleWebKit/537.36 (KHTML, like Gecko) Chrome/79.0.3945.88 Safari/537.36","plugin_php"
"172.70.93.53","2025-11-16T10:00:55Z","/wp-content/plugins/ioxi/ioxi/dropdown.php","Mozilla/5.0 (Windows NT 10.0; Win64; x64) AppleWebKit/537.36 (KHTML, like Gecko) Chrome/74.0.3729.169 Safari/537.36","plugin_php"
"172.70.208.49","2025-11-16T10:00:59Z","/wp-content/plugins/ubh/install.php","Mozilla/5.0 (Macintosh; Intel Mac OS X 10_15_6) AppleWebKit/537.36 (KHTML, like Gecko) Chrome/84.0.4147.125 Safari/537.36","plugin_php"
"172.71.81.222","2025-11-16T10:01:03Z","/wp-content/plugins/pwnd/1.php","Mozilla/5.0 (Windows NT 10.0; Win64; x64) AppleWebKit/537.36 (KHTML, like Gecko) Chrome/84.0.4147.105 Safari/537.36 OPR/70.0.3728.95","plugin_php"
"172.70.208.49","2025-11-16T10:01:03Z","/wp-content/plugins/ubh/av.php","Mozilla/5.0 (Windows NT 10.0; Win64; x64) AppleWebKit/537.36 (KHTML, like Gecko) Chrome/83.0.4103.61 Safari/537.36","plugin_php"
"104.23.175.74","2025-11-16T10:01:04Z","/wp-content/plugins/erinyani/default.php","Mozilla/5.0 (Windows NT 6.1; Win64; x64) AppleWebKit/537.36 (KHTML, like Gecko) Chrome/74.0.3729.169 Safari/537.36","plugin_php"
"172.70.188.71","2025-11-16T10:01:05Z","/wp-content/plugins/pwnd/install.php","Mozilla/5.0 (Windows NT 10.0; Win64; x64) AppleWebKit/537.36 (KHTML, like Gecko) Chrome/81.0.4044.129 Safari/537.36","plugin_php"
"162.158.170.18","2025-11-16T10:01:17Z","/wp-content/plugins/fix/bypass.php","Mozilla/5.0 (Macintosh; Intel Mac OS X 10_15_6) AppleWebKit/537.36 (KHTML, like Gecko) Chrome/84.0.4147.125 Safari/537.36","plugin_php"
"162.158.107.67","2025-11-16T10:01:26Z","/wp-content/plugins/pwnd/sst.php","Mozilla/5.0 (X11; Fedora; Linux x86_64; rv:79.0) Gecko/20100101 Firefox/79.0","plugin_php"
"172.69.176.111","2025-11-16T10:01:28Z","/wp-content/plugins/about.php","Mozilla/5.0 (Windows NT 10.0; Win64; x64; rv:75.0) Gecko/20100101 Firefox/75.0","plugin_php"
"172.71.81.222","2025-11-16T10:01:28Z","/wp-content/plugins/pwnd/cloud.php","Mozilla/5.0 (Windows NT 10.0; WOW64; Trident/7.0; .NET4.0C; .NET4.0E; .NET CLR 2.0.50727; .NET CLR 3.0.30729; .NET CLR 3.5.30729; rv:11.0) like Gecko","plugin_php"
"162.158.170.19","2025-11-16T10:01:29Z","/wp-content/plugins/ubh/adminfus.php","Mozilla/5.0 (Windows NT 10.0; Win64; x64) AppleWebKit/537.36 (KHTML, like Gecko) Chrome/58.0.3029.110 Safari/537.3","plugin_php"
"172.69.166.56","2025-11-16T10:01:30Z","/wp-content/plugins/pwnd-1/kurd.php","Mozilla/5.0 (Windows NT 10.0; Win64; x64; rv:72.0) Gecko/20100101 Firefox/72.0","plugin_php"
"162.158.88.68","2025-11-16T10:01:35Z","/wp-content/plugins/WordPressCore/include.php","Mozilla/5.0 (Windows NT 10.0; Win64; x64) AppleWebKit/537.36 (KHTML, like Gecko) Chrome/74.0.3729.157 Safari/537.36","plugin_php"
"172.71.124.29","2025-11-16T10:01:40Z","/wp-content/plugins/pwnd-1/dedi1.php","Mozilla/5.0 (Windows NT 10.0; Win64; x64; rv:79.0) Gecko/20100101 Firefox/79.0","plugin_php"
"162.158.162.153","2025-11-16T10:01:48Z","/wp-content/plugins/WordPressCore/gecko.php","Mozilla/5.0 (Windows NT 6.1; Win64; x64) AppleWebKit/537.36 (KHTML, like Gecko) Chrome/80.0.3987.149 Safari/537.36","plugin_php"
"162.158.189.152","2025-11-16T10:01:48Z","/wp-content/plugins/pwnd/dedi1.php","Mozilla/5.0 (Linux x86_64; rv:79.0) Gecko/20100101 Firefox/79.0","plugin_php"
"162.158.88.68","2025-11-16T10:01:51Z","/wp-content/plugins/pwnd-1/install.php","Mozilla/5.0 (Windows NT 10.0; Win64; x64) AppleWebKit/537.36 (KHTML, like Gecko) Chrome/75.0.3770.100 Safari/537.36","plugin_php"
"162.158.88.68","2025-11-16T10:01:57Z","/wp-content/plugins/seoo/alfa.php","Mozilla/5.0 (Macintosh; Intel Mac OS X 10_15_6) AppleWebKit/537.36 (KHTML, like Gecko) Chrome/84.0.4147.105 Safari/537.36 OPR/70.0.3728.95","plugin_php"
"172.71.81.222","2025-11-16T10:02:00Z","/wp-content/plugins/pwnd/autoload_classmap.php","Mozilla/5.0 (Windows NT 10.0) AppleWebKit/537.36 (KHTML, like Gecko) Chrome/72.0.3626.121 Safari/537.36","plugin_php"
"162.158.88.68","2025-11-16T10:02:07Z","/wp-content/plugins/pwnd/adminfus.php","Mozilla/5.0 (X11; Linux x86_64) AppleWebKit/537.36 (KHTML, like Gecko) Chrome/84.0.4147.105 Safari/537.36 OPR/70.0.3728.95","plugin_php"
"108.162.227.93","2025-11-16T10:02:11Z","/wp-content/plugins/classic-editor/alam.php","Mozilla/5.0 (Windows NT 10.0; Win64; x64) AppleWebKit/537.36 (KHTML, like Gecko) Chrome/77.0.3865.90 Safari/537.36","plugin_php"
"104.23.175.75","2025-11-16T10:02:24Z","/wp-content/plugins/core-plugin/waf_defender.php","Mozilla/5.0 (Windows NT 10.0; Win64; x64; rv:75.0) Gecko/20100101 Firefox/75.0","plugin_php"
"172.69.166.57","2025-11-16T10:02:30Z","/wp-content/plugins/linkpreview/av.php","Mozilla/5.0 (Windows NT 10.0; Win64; x64) AppleWebKit/537.36 (KHTML, like Gecko) Chrome/74.0.3729.157 Safari/537.36","plugin_php"
"108.162.227.94","2025-11-16T10:06:04Z","/wp-content/plugins/alfacgiapi/index.php?bx=0e215962017","Mozilla/5.0 (Linux; Android 11; Redmi Note 9 Pro Build/RKQ1.200826.002; wv) AppleWebKit/537.36 (KHTML, like Gecko) Version/4.0 Chrome/90.0.4430.210 Mobile Safari/537.36","plugin_php"
"172.71.81.221","2025-11-16T10:06:05Z","/wp-content/plugins/alfacgiapi/radio.php?bx=0e215962017","Mozilla/5.0 (Linux; Android 11; Redmi Note 9 Pro Build/RKQ1.200826.002; wv) AppleWebKit/537.36 (KHTML, like Gecko) Version/4.0 Chrome/90.0.4430.210 Mobile Safari/537.36","plugin_php"
"162.158.107.68","2025-11-16T10:06:05Z","/wp-content/plugins/alfacgiapi/404.php?bx=0e215962017","Mozilla/5.0 (Linux; Android 11; Redmi Note 9 Pro Build/RKQ1.200826.002; wv) AppleWebKit/537.36 (KHTML, like Gecko) Version/4.0 Chrome/90.0.4430.210 Mobile Safari/537.36","plugin_php"
"104.23.175.75","2025-11-16T10:06:09Z","/wp-content/plugins/ALFA_DATA/alfacgiapi/index.php?bx=0e215962017","Mozilla/5.0 (Linux; Android 11; Redmi Note 9 Pro Build/RKQ1.200826.002; wv) AppleWebKit/537.36 (KHTML, like Gecko) Version/4.0 Chrome/90.0.4430.210 Mobile Safari/537.36","plugin_php"
"162.158.88.68","2025-11-16T10:06:09Z","/wp-content/plugins/ALFA_DATA/alfacgiapi/radio.php?bx=0e215962017","Mozilla/5.0 (Linux; Android 11; Redmi Note 9 Pro Build/RKQ1.200826.002; wv) AppleWebKit/537.36 (KHTML, like Gecko) Version/4.0 Chrome/90.0.4430.210 Mobile Safari/537.36","plugin_php"
"172.70.188.71","2025-11-16T10:06:10Z","/wp-content/plugins/ALFA_DATA/alfacgiapi/404.php?bx=0e215962017","Mozilla/5.0 (Linux; Android 11; Redmi Note 9 Pro Build/RKQ1.200826.002; wv) AppleWebKit/537.36 (KHTML, like Gecko) Version/4.0 Chrome/90.0.4430.210 Mobile Safari/537.36","plugin_php"
"162.158.162.153","2025-11-16T10:06:30Z","/wp-content/plugins/library/alfacgiapi/index.php?bx=0e215962017","Mozilla/5.0 (Linux; Android 11; Redmi Note 9 Pro Build/RKQ1.200826.002; wv) AppleWebKit/537.36 (KHTML, like Gecko) Version/4.0 Chrome/90.0.4430.210 Mobile Safari/537.36","plugin_php"
"162.158.170.19","2025-11-16T10:06:30Z","/wp-content/plugins/library/alfacgiapi/radio.php?bx=0e215962017","Mozilla/5.0 (Linux; Android 11; Redmi Note 9 Pro Build/RKQ1.200826.002; wv) AppleWebKit/537.36 (KHTML, like Gecko) Version/4.0 Chrome/90.0.4430.210 Mobile Safari/537.36","plugin_php"
"162.158.162.152","2025-11-16T10:06:31Z","/wp-content/plugins/library/alfacgiapi/404.php?bx=0e215962017","Mozilla/5.0 (Linux; Android 11; Redmi Note 9 Pro Build/RKQ1.200826.002; wv) AppleWebKit/537.36 (KHTML, like Gecko) Version/4.0 Chrome/90.0.4430.210 Mobile Safari/537.36","plugin_php"
"172.70.208.49","2025-11-16T10:06:33Z","/wp-content/plugins/library/ALFA_DATA/alfacgiapi/index.php?bx=0e215962017","Mozilla/5.0 (Linux; Android 11; Redmi Note 9 Pro Build/RKQ1.200826.002; wv) AppleWebKit/537.36 (KHTML, like Gecko) Version/4.0 Chrome/90.0.4430.210 Mobile Safari/537.36","plugin_php"
"172.69.176.110","2025-11-16T10:06:35Z","/wp-content/plugins/library/ALFA_DATA/alfacgiapi/radio.php?bx=0e215962017","Mozilla/5.0 (Linux; Android 11; Redmi Note 9 Pro Build/RKQ1.200826.002; wv) AppleWebKit/537.36 (KHTML, like Gecko) Version/4.0 Chrome/90.0.4430.210 Mobile Safari/537.36","plugin_php"
"162.158.170.18","2025-11-16T10:06:42Z","/wp-content/plugins/library/ALFA_DATA/alfacgiapi/404.php?bx=0e215962017","Mozilla/5.0 (Linux; Android 11; Redmi Note 9 Pro Build/RKQ1.200826.002; wv) AppleWebKit/537.36 (KHTML, like Gecko) Version/4.0 Chrome/90.0.4430.210 Mobile Safari/537.36","plugin_php"
"162.158.107.67","2025-11-16T10:08:35Z","/wp-content/plugins/wp-diambar/includes/loadme.php","Mozlila/5.0 (Linux; Android 7.0; SM-G892A Bulid/NRD90M; wv) AppleWebKit/537.36 (KHTML, like Gecko) Version/4.0 Chrome/60.0.3112.107 Moblie Safari/537.36","plugin_php"
"162.158.162.153","2025-11-16T10:08:35Z","/wp-content/plugins/wp-diambar/includes/loadme.php","Mozlila/5.0 (Linux; Android 7.0; SM-G892A Bulid/NRD90M; wv) AppleWebKit/537.36 (KHTML, like Gecko) Version/4.0 Chrome/60.0.3112.107 Moblie Safari/537.36","plugin_php"
"108.162.227.94","2025-11-16T10:09:49Z","/wp-content/plugins/db/mar.php","Mozlila/5.0 (Linux; Android 7.0; SM-G892A Bulid/NRD90M; wv) AppleWebKit/537.36 (KHTML, like Gecko) Version/4.0 Chrome/60.0.3112.107 Moblie Safari/537.36","plugin_php"
"162.158.162.152","2025-11-16T10:09:50Z","/wp-content/plugins/db/mar.php","Mozlila/5.0 (Linux; Android 7.0; SM-G892A Bulid/NRD90M; wv) AppleWebKit/537.36 (KHTML, like Gecko) Version/4.0 Chrome/60.0.3112.107 Moblie Safari/537.36","plugin_php"
"162.158.108.50","2025-11-16T10:09:52Z","/wp-content/plugins/ndak/1.php","Mozlila/5.0 (Linux; Android 7.0; SM-G892A Bulid/NRD90M; wv) AppleWebKit/537.36 (KHTML, like Gecko) Version/4.0 Chrome/60.0.3112.107 Moblie Safari/537.36","plugin_php"
"104.23.175.75","2025-11-16T10:09:53Z","/wp-content/plugins/ndak/1.php","Mozlila/5.0 (Linux; Android 7.0; SM-G892A Bulid/NRD90M; wv) AppleWebKit/537.36 (KHTML, like Gecko) Version/4.0 Chrome/60.0.3112.107 Moblie Safari/537.36","plugin_php"
"162.158.162.153","2025-11-16T10:09:54Z","/wp-content/plugins/ndak/marijuana.php","Mozlila/5.0 (Linux; Android 7.0; SM-G892A Bulid/NRD90M; wv) AppleWebKit/537.36 (KHTML, like Gecko) Version/4.0 Chrome/60.0.3112.107 Moblie Safari/537.36","plugin_php"
"162.158.170.19","2025-11-16T10:09:54Z","/wp-content/plugins/ndak/marijuana.php","Mozlila/5.0 (Linux; Android 7.0; SM-G892A Bulid/NRD90M; wv) AppleWebKit/537.36 (KHTML, like Gecko) Version/4.0 Chrome/60.0.3112.107 Moblie Safari/537.36","plugin_php"
"104.23.175.75","2025-11-16T10:09:58Z","/wp-content/plugins/cakil/up.php","Mozlila/5.0 (Linux; Android 7.0; SM-G892A Bulid/NRD90M; wv) AppleWebKit/537.36 (KHTML, like Gecko) Version/4.0 Chrome/60.0.3112.107 Moblie Safari/537.36","plugin_php"
"172.70.188.70","2025-11-16T10:09:59Z","/wp-content/plugins/cakil/up.php","Mozlila/5.0 (Linux; Android 7.0; SM-G892A Bulid/NRD90M; wv) AppleWebKit/537.36 (KHTML, like Gecko) Version/4.0 Chrome/60.0.3112.107 Moblie Safari/537.36","plugin_php"
"172.69.166.56","2025-11-16T10:10:01Z","/wp-content/plugins/cache-wordpress/wp-activates.php","Mozlila/5.0 (Linux; Android 7.0; SM-G892A Bulid/NRD90M; wv) AppleWebKit/537.36 (KHTML, like Gecko) Version/4.0 Chrome/60.0.3112.107 Moblie Safari/537.36","plugin_php"
"104.23.175.74","2025-11-16T10:10:01Z","/wp-content/plugins/cache-wordpress/wp-activates.php","Mozlila/5.0 (Linux; Android 7.0; SM-G892A Bulid/NRD90M; wv) AppleWebKit/537.36 (KHTML, like Gecko) Version/4.0 Chrome/60.0.3112.107 Moblie Safari/537.36","plugin_php"
"162.158.88.68","2025-11-16T10:10:03Z","/wp-content/plugins/cache-wordpress/payment.php","Mozlila/5.0 (Linux; Android 7.0; SM-G892A Bulid/NRD90M; wv) AppleWebKit/537.36 (KHTML, like Gecko) Version/4.0 Chrome/60.0.3112.107 Moblie Safari/537.36","plugin_php"
"172.68.164.156","2025-11-16T10:10:03Z","/wp-content/plugins/cache-wordpress/payment.php","Mozlila/5.0 (Linux; Android 7.0; SM-G892A Bulid/NRD90M; wv) AppleWebKit/537.36 (KHTML, like Gecko) Version/4.0 Chrome/60.0.3112.107 Moblie Safari/537.36","plugin_php"
"162.158.170.18","2025-11-16T10:10:07Z","/wp-content/plugins/cekidot/mar.php","Mozlila/5.0 (Linux; Android 7.0; SM-G892A Bulid/NRD90M; wv) AppleWebKit/537.36 (KHTML, like Gecko) Version/4.0 Chrome/60.0.3112.107 Moblie Safari/537.36","plugin_php"
"172.70.188.71","2025-11-16T10:10:08Z","/wp-content/plugins/cekidot/mar.php","Mozlila/5.0 (Linux; Android 7.0; SM-G892A Bulid/NRD90M; wv) AppleWebKit/537.36 (KHTML, like Gecko) Version/4.0 Chrome/60.0.3112.107 Moblie Safari/537.36","plugin_php"
"162.158.88.68","2025-11-16T10:10:32Z","/wp-content/plugins/linkpreview/db.php?u","Mozlila/5.0 (Linux; Android 7.0; SM-G892A Bulid/NRD90M; wv) AppleWebKit/537.36 (KHTML, like Gecko) Version/4.0 Chrome/60.0.3112.107 Moblie Safari/537.36","plugin_php"
"172.69.166.57","2025-11-16T10:10:33Z","/wp-content/plugins/linkpreview/db.php?u","Mozlila/5.0 (Linux; Android 7.0; SM-G892A Bulid/NRD90M; wv) AppleWebKit/537.36 (KHTML, like Gecko) Version/4.0 Chrome/60.0.3112.107 Moblie Safari/537.36","plugin_php"
"162.158.88.68","2025-11-16T10:10:35Z","/wp-content/plugins/virr/v.php","Mozlila/5.0 (Linux; Android 7.0; SM-G892A Bulid/NRD90M; wv) AppleWebKit/537.36 (KHTML, like Gecko) Version/4.0 Chrome/60.0.3112.107 Moblie Safari/537.36","plugin_php"
"162.158.108.51","2025-11-16T10:10:35Z","/wp-content/plugins/virr/v.php","Mozlila/5.0 (Linux; Android 7.0; SM-G892A Bulid/NRD90M; wv) AppleWebKit/537.36 (KHTML, like Gecko) Version/4.0 Chrome/60.0.3112.107 Moblie Safari/537.36","plugin_php"
"172.69.176.110","2025-11-16T10:10:38Z","/wp-content/plugins/virr/uploader.php?uploader","Mozlila/5.0 (Linux; Android 7.0; SM-G892A Bulid/NRD90M; wv) AppleWebKit/537.36 (KHTML, like Gecko) Version/4.0 Chrome/60.0.3112.107 Moblie Safari/537.36","plugin_php"
"172.70.208.48","2025-11-16T10:10:38Z","/wp-content/plugins/virr/uploader.php?uploader","Mozlila/5.0 (Linux; Android 7.0; SM-G892A Bulid/NRD90M; wv) AppleWebKit/537.36 (KHTML, like Gecko) Version/4.0 Chrome/60.0.3112.107 Moblie Safari/537.36","plugin_php"
"162.158.108.50","2025-11-16T10:10:40Z","/wp-content/plugins/db/uploader.php?uploader","Mozlila/5.0 (Linux; Android 7.0; SM-G892A Bulid/NRD90M; wv) AppleWebKit/537.36 (KHTML, like Gecko) Version/4.0 Chrome/60.0.3112.107 Moblie Safari/537.36","plugin_php"
"104.23.175.74","2025-11-16T10:10:40Z","/wp-content/plugins/db/uploader.php?uploader","Mozlila/5.0 (Linux; Android 7.0; SM-G892A Bulid/NRD90M; wv) AppleWebKit/537.36 (KHTML, like Gecko) Version/4.0 Chrome/60.0.3112.107 Moblie Safari/537.36","plugin_php"
"162.158.107.68","2025-11-16T10:10:41Z","/wp-content/plugins/wp-freeform/wawe.php","Mozlila/5.0 (Linux; Android 7.0; SM-G892A Bulid/NRD90M; wv) AppleWebKit/537.36 (KHTML, like Gecko) Version/4.0 Chrome/60.0.3112.107 Moblie Safari/537.36","plugin_php"
"172.71.81.222","2025-11-16T10:10:41Z","/wp-content/plugins/wp-freeform/wawe.php","Mozlila/5.0 (Linux; Android 7.0; SM-G892A Bulid/NRD90M; wv) AppleWebKit/537.36 (KHTML, like Gecko) Version/4.0 Chrome/60.0.3112.107 Moblie Safari/537.36","plugin_php"
"172.68.164.156","2025-11-16T10:10:43Z","/wp-content/plugins/wp-freeform/includes/loadme.php","Mozlila/5.0 (Linux; Android 7.0; SM-G892A Bulid/NRD90M; wv) AppleWebKit/537.36 (KHTML, like Gecko) Version/4.0 Chrome/60.0.3112.107 Moblie Safari/537.36","plugin_php"
"172.69.166.56","2025-11-16T10:10:44Z","/wp-content/plugins/wp-freeform/includes/loadme.php","Mozlila/5.0 (Linux; Android 7.0; SM-G892A Bulid/NRD90M; wv) AppleWebKit/537.36 (KHTML, like Gecko) Version/4.0 Chrome/60.0.3112.107 Moblie Safari/537.36","plugin_php"
"172.69.176.111","2025-11-16T10:10:45Z","/wp-content/plugins/wp-freeform/style.php","Mozlila/5.0 (Linux; Android 7.0; SM-G892A Bulid/NRD90M; wv) AppleWebKit/537.36 (KHTML, like Gecko) Version/4.0 Chrome/60.0.3112.107 Moblie Safari/537.36","plugin_php"
"162.158.162.153","2025-11-16T10:10:45Z","/wp-content/plugins/wp-freeform/style.php","Mozlila/5.0 (Linux; Android 7.0; SM-G892A Bulid/NRD90M; wv) AppleWebKit/537.36 (KHTML, like Gecko) Version/4.0 Chrome/60.0.3112.107 Moblie Safari/537.36","plugin_php"
"172.70.208.135","2025-11-16T10:23:38Z","/wp-content/plugins/hellopress/wp_filemanager.php","-","plugin_php"
"172.71.124.40","2025-11-16T10:23:54Z","/wp-content/plugins/core/include.php","-","plugin_php"
"172.71.81.168","2025-11-16T10:23:57Z","/wp-content/plugins/wp-apxupx.php?apx=upx","-","plugin_php"
"172.71.124.40","2025-11-16T10:23:59Z","/wp-content/plugins/linkpreview/db.php?u","-","plugin_php"
"172.69.165.22","2025-11-16T10:23:59Z","/wp-content/plugins/seoplugins/db.php?u","-","plugin_php"
"162.158.189.91","2025-11-16T10:23:59Z","/wp-content/plugins/seoplugins/mar.php","-","plugin_php"
"162.158.106.77","2025-11-16T10:24:01Z","/wp-content/plugins/index.php","-","plugin_php"
"108.162.226.31","2025-11-16T10:24:06Z","/wp-content/plugins/revslider/includes/external/page/index.php","-","plugin_php"
"162.158.106.77","2025-11-16T10:24:10Z","/wp-content/plugins/Cache/Cache.php","-","plugin_php"
"108.162.226.31","2025-11-16T10:24:17Z","/wp-content/plugins/contact-form-7/includes/js/jquery-ui/themes/smoothness/admin.php","-","plugin_php"
"172.69.176.8","2025-11-16T10:24:22Z","/wp-content/plugins/fix/up.php","-","plugin_php"
"108.162.226.31","2025-11-16T10:24:22Z","/wp-content/plugins/wordpress-seo/rk1.php","-","plugin_php"
"172.70.93.114","2025-11-16T10:24:22Z","/wp-content/plugins/zgdsfagck/rk2.php","-","plugin_php"
"104.23.175.135","2025-11-16T10:24:23Z","/wp-content/plugins/rsquaaj/index4.php","-","plugin_php"
"162.158.163.238","2025-11-16T10:57:58Z","//wp-content/plugins/about.php","Go-http-client/2.0","plugin_php"
"172.71.124.18","2025-11-16T10:58:02Z","//wp-content/plugins/deu/ms.php","Go-http-client/2.0","plugin_php"
"162.158.106.49","2025-11-16T10:58:03Z","//wp-content/plugins/dummyyummy/wp-signup.php","Go-http-client/2.0","plugin_php"
"172.71.124.18","2025-11-16T10:58:09Z","//wp-content/plugins/aafr/uploader.php","Go-http-client/2.0","plugin_php"
"104.23.175.251","2025-11-16T10:58:10Z","//wp-content/plugins/hanau/akc.php","Go-http-client/2.0","plugin_php"
"162.158.106.49","2025-11-16T10:58:11Z","//wp-content/plugins/WordPressCore/include.php","Go-http-client/2.0","plugin_php"
"172.69.176.75","2025-11-16T10:58:15Z","//wp-content/plugins/ioxi/ioxi/dropdown.php","Go-http-client/2.0","plugin_php"
"162.158.190.34","2025-11-16T10:58:18Z","//wp-content/plugins/shell/noimg.php","Go-http-client/2.0","plugin_php"
"172.71.81.196","2025-11-16T10:58:19Z","//wp-content/plugins/index.php","Go-http-client/2.0","plugin_php"
"162.158.190.34","2025-11-16T10:58:20Z","//wp-content/plugins/view-source/ioxi-o2.php","Go-http-client/2.0","plugin_php"
"172.70.143.211","2025-11-16T10:58:27Z","//wp-content/plugins/core-plugin/include.php","Go-http-client/2.0","plugin_php"
"172.68.164.75","2025-11-16T10:58:47Z","//wp-content/plugins/linkpreview/db.php?u","Go-http-client/2.0","plugin_php"
"172.69.176.75","2025-11-16T10:58:51Z","//wp-content/plugins/three-column-screen-layout/db.php?u","Go-http-client/2.0","plugin_php"
"172.70.189.50","2025-11-16T10:58:53Z","//wp-content/plugins/seoplugins/mar.php","Go-http-client/2.0","plugin_php"
"162.158.108.51","2025-11-16T10:58:55Z","//wp-content/plugins/fix/up.php","Go-http-client/2.0","plugin_php"
"172.70.93.95","2025-11-16T10:58:57Z","//wp-content/plugins/clara/clara.php","Go-http-client/2.0","plugin_php"
"108.162.226.173","2025-11-16T10:59:01Z","//wp-content/plugins/phpad/as.php","Go-http-client/2.0","plugin_php"
"172.70.93.95","2025-11-16T10:59:04Z","//wp-content/plugins/view-ad/ms.php","Go-http-client/2.0","plugin_php"
"104.23.175.251","2025-11-16T10:59:13Z","//wp-content/plugins/dzs-zoomsounds/1877.php","Go-http-client/2.0","plugin_php"
"162.158.88.49","2025-11-16T10:59:15Z","//wp-content/plugins/Cache/Cache.php","Go-http-client/2.0","plugin_php"
"172.70.189.50","2025-11-16T10:59:17Z","//wp-content/plugins/seoplugins/db.php?u","Go-http-client/2.0","plugin_php"
"172.69.176.75","2025-11-16T10:59:18Z","//wp-content/plugins/flex/alfa.php","Go-http-client/2.0","plugin_php"
"172.71.124.18","2025-11-16T10:59:21Z","//wp-content/plugins/Core-Econ/upH.php","Go-http-client/2.0","plugin_php"
"108.162.226.173","2025-11-16T10:59:29Z","//wp-content/plugins/phpadmin/acp.php","Go-http-client/2.0","plugin_php"
"162.158.88.49","2025-11-16T10:59:30Z","//wp-content/plugins/TOPXOH/wDR.php","Go-http-client/2.0","plugin_php"
"104.23.175.251","2025-11-16T10:59:35Z","//wp-content/plugins/init-help/init.php","Go-http-client/2.0","plugin_php"
"172.70.143.211","2025-11-16T10:59:37Z","//wp-content/plugins/hello.php","Go-http-client/2.0","plugin_php"
"172.70.93.95","2025-11-16T10:59:41Z","//wp-content/plugins/press/wp-class.php","Go-http-client/2.0","plugin_php"
"162.158.88.49","2025-11-16T10:59:42Z","//wp-content/plugins/wpcall-button/button-image.php","Go-http-client/2.0","plugin_php"
"162.158.106.49","2025-11-16T10:59:45Z","//wp-content/plugins/linkpreview/index.php","Go-http-client/2.0","plugin_php"
"172.70.143.211","2025-11-16T10:59:51Z","//wp-content/plugins/apikey/b1ack.php","Go-http-client/2.0","plugin_php"
"172.69.176.75","2025-11-16T10:59:59Z","//wp-content/plugins/pwnd-1/pwnd.php","Go-http-client/2.0","plugin_php"
"162.158.88.49","2025-11-16T11:00:03Z","//wp-content/plugins/yanierin/akcc.php","Go-http-client/2.0","plugin_php"
"172.68.164.75","2025-11-16T11:00:09Z","//wp-content/plugins/pwnd/pwnd.php","Go-http-client/2.0","plugin_php"
"172.70.143.211","2025-11-16T11:00:11Z","//wp-content/plugins/kontol-1/wp-crom.php","Go-http-client/2.0","plugin_php"
"172.70.93.95","2025-11-16T11:00:12Z","//wp-content/plugins/kontol/wp-crom.php","Go-http-client/2.0","plugin_php"
"172.71.81.196","2025-11-16T11:00:21Z","//wp-content/plugins/simple-file-list/ee-upload-engine.php","Go-http-client/2.0","plugin_php"
"172.70.93.95","2025-11-16T11:00:22Z","//wp-content/plugins/age-restriction/modules/remote_support/remote_init.php","Go-http-client/2.0","plugin_php"
"108.162.226.173","2025-11-16T11:00:23Z","//wp-content/plugins/Nxploit/index.php?cmd=COMMAND","Go-http-client/2.0","plugin_php"
"162.158.171.30","2025-11-16T11:00:25Z","//wp-content/plugins/SecurityFin/SecurityFin.php","Go-http-client/2.0","plugin_php"
"172.71.124.18","2025-11-16T11:00:26Z","//wp-content/plugins/anubiss/fm.php","Go-http-client/2.0","plugin_php"
"172.70.143.211","2025-11-16T11:00:27Z","//wp-content/plugins/woocommerce-dashboard/1.php","Go-http-client/2.0","plugin_php"
"162.158.190.34","2025-11-16T11:00:27Z","//wp-content/plugins/woocommerce-homepage/1.php","Go-http-client/2.0","plugin_php"
"162.158.163.238","2025-11-16T11:00:28Z","//wp-content/plugins/schema/yanz.php","Go-http-client/2.0","plugin_php"
"162.158.88.49","2025-11-16T11:00:29Z","//wp-content/plugins/schema/geckos.php","Go-http-client/2.0","plugin_php"
"162.158.163.238","2025-11-16T11:00:32Z","//wp-content/plugins/wp-file-upload/wfu_file_downloader.php","Go-http-client/2.0","plugin_php"
"172.71.81.196","2025-11-16T11:00:35Z","//wp-content/plugins/so-pinyin-slugs/inc/main_json.php","Go-http-client/2.0","plugin_php"
"172.68.164.119","2025-11-16T11:01:42Z","/wp-content/plugins/ubh/up.php","Mozilla/5.0 (Windows NT 10.0; Win64; x64; rv:66.0) Gecko/20100101 Firefox/66.0","plugin_php"
"172.70.208.48","2025-11-16T11:01:42Z","/wp-content/plugins/seoplugins/db.php?u","Mozilla/5.0 (Windows NT 10.0; Win64; x64) AppleWebKit/537.36 (KHTML, like Gecko) Chrome/80.0.3987.149 Safari/537.36","plugin_php"
"172.70.93.52","2025-11-16T11:01:43Z","/wp-content/plugins/linkpreview/db.php?u","Mozilla/5.0 (Windows NT 10.0; WOW64) AppleWebKit/537.36 (KHTML, like Gecko) Chrome/72.0.3626.121 Safari/537.36","plugin_php"
"162.158.170.18","2025-11-16T11:01:43Z","/wp-content/plugins/pwnd/pwnd.php","Mozilla/5.0 (Macintosh; Intel Mac OS X 10_12_6) AppleWebKit/537.36 (KHTML, like Gecko) Chrome/58.0.3029.110 Safari/537.3","plugin_php"
"162.158.189.153","2025-11-16T11:01:44Z","/wp-content/plugins/pwnd-1/pwnd.php","Mozilla/5.0 (Windows NT 10.0; Win64; x64; rv:74.0) Gecko/20100101 Firefox/74.0","plugin_php"
"172.69.166.56","2025-11-16T11:01:45Z","/wp-content/plugins/core-plugin/include.php","Mozilla/5.0 (Windows NT 10.0; Win64; x64) AppleWebKit/537.36 (KHTML, like Gecko) Chrome/58.0.3029.110 Safari/537.3","plugin_php"
"162.158.170.18","2025-11-16T11:01:45Z","/wp-content/plugins/envato-css.php","Mozilla/5.0 (Windows NT 10.0; Win64; x64) AppleWebKit/537.36 (KHTML, like Gecko) Chrome/74.0.3729.157 Safari/537.36","plugin_php"
"172.71.124.28","2025-11-16T11:01:47Z","/wp-content/plugins/elementor/wp-wjvngrh.php","Mozilla/5.0 (Windows NT 10.0; Win64; x64; rv:77.0) Gecko/20100101 Firefox/77.0","plugin_php"
"172.70.208.48","2025-11-16T11:01:53Z","/wp-content/plugins/admin.php","Mozilla/5.0 (X11; Ubuntu; Linux x86_64; rv:79.0) Gecko/20100101 Firefox/79.0","plugin_php"
"172.70.188.70","2025-11-16T11:01:54Z","/wp-content/plugins/pwnd-1/admin.php","Mozilla/5.0 (Windows NT 10.0; Win64; x64) AppleWebKit/537.36 (KHTML, like Gecko) Chrome/84.0.4147.105 Safari/537.36 OPR/70.0.3728.95","plugin_php"
"172.70.93.52","2025-11-16T11:01:59Z","/wp-content/plugins/bypass.php","Mozilla/5.0 (Windows NT 10.0; Win64; x64; rv:66.0) Gecko/20100101 Firefox/66.0","plugin_php"
"162.158.108.50","2025-11-16T11:02:11Z","/wp-content/plugins/wp-theme-editor/include.php","Mozilla/5.0 (Windows NT 10.0; Win64; x64; rv:77.0) Gecko/20100101 Firefox/77.0","plugin_php"
"172.71.81.222","2025-11-16T11:02:11Z","/wp-content/plugins/up/main.php","Mozilla/5.0 (Windows NT 10.0; Win64; x64) AppleWebKit/537.36 (KHTML, like Gecko) Chrome/75.0.3770.100 Safari/537.36","plugin_php"
"162.158.88.69","2025-11-16T11:02:12Z","/wp-content/plugins/autoload_classmap.php","Mozilla/5.0 (Macintosh; Intel Mac OS X 10_15_6) AppleWebKit/537.36 (KHTML, like Gecko) Chrome/84.0.4147.125 Safari/537.36","plugin_php"
"162.158.189.152","2025-11-16T11:02:15Z","/wp-content/plugins/dummyyummy/wp-signup.php","Mozilla/5.0 (Windows NT 10.0; Win64; x64) AppleWebKit/537.36 (KHTML, like Gecko) Chrome/79.0.3945.130 Safari/537.36","plugin_php"
"172.69.176.111","2025-11-16T11:02:24Z","/wp-content/plugins/WordPressCore/index.php","Mozilla/5.0 (Windows NT 10.0; Win64; x64) AppleWebKit/537.36 (KHTML, like Gecko) Chrome/77.0.3865.90 Safari/537.36","plugin_php"
"172.70.188.70","2025-11-16T11:02:28Z","/wp-content/plugins/phpadmin/as.php","Mozilla/5.0 (Windows NT 10.0; Win64; x64) AppleWebKit/537.36 (KHTML, like Gecko) Chrome/79.0.3945.130 Safari/537.36","plugin_php"
"162.158.162.152","2025-11-16T11:02:29Z","/wp-content/plugins/hello.php","Mozilla/5.0 (X11; Linux i686; rv:79.0) Gecko/20100101 Firefox/79.0","plugin_php"
"162.158.108.50","2025-11-16T11:02:29Z","/wp-content/plugins/seoo/about.php","Mozilla/5.0 (Windows NT 6.1; Win64; x64) AppleWebKit/537.36 (KHTML, like Gecko) Chrome/79.0.3945.130 Safari/537.36","plugin_php"
"172.71.81.222","2025-11-16T11:02:33Z","/wp-content/plugins/view-more/ioxi.php","Mozilla/5.0 (Windows NT 10.0; WOW64; Trident/7.0; .NET4.0C; .NET4.0E; .NET CLR 2.0.50727; .NET CLR 3.0.30729; .NET CLR 3.5.30729; rv:11.0) like Gecko","plugin_php"
"172.69.166.57","2025-11-16T11:02:39Z","/wp-content/plugins/ioxi/ioxiworm.php","Mozilla/5.0 (Windows NT 10.0; Win64; x64) AppleWebKit/537.36 (KHTML, like Gecko) Chrome/70.0.3538.77 Safari/537.36","plugin_php"
"172.69.176.111","2025-11-16T11:02:40Z","/wp-content/plugins/ccx/index.php","Mozilla/5.0 (Windows NT 10.0; Win64; x64) AppleWebKit/537.36 (KHTML, like Gecko) Chrome/70.0.3538.77 Safari/537.36","plugin_php"
"172.70.188.70","2025-11-16T11:02:44Z","/wp-content/plugins/seoplugins/index.php","Mozilla/5.0 (Windows NT 10.0; Win64; x64; rv:77.0) Gecko/20100101 Firefox/77.0","plugin_php"
"162.158.106.77","2025-11-16T11:22:30Z","/wp-content/plugins/hellopress/wp_filemanager.php","-","plugin_php"
"162.158.106.77","2025-11-16T11:22:39Z","/wp-content/plugins/core/include.php","-","plugin_php"
"162.158.106.76","2025-11-16T11:22:42Z","/wp-content/plugins/wp-apxupx.php?apx=upx","-","plugin_php"
"162.158.106.77","2025-11-16T11:22:44Z","/wp-content/plugins/linkpreview/db.php?u","-","plugin_php"
"162.158.106.77","2025-11-16T11:22:45Z","/wp-content/plugins/seoplugins/db.php?u","-","plugin_php"
"162.158.106.76","2025-11-16T11:22:46Z","/wp-content/plugins/seoplugins/mar.php","-","plugin_php"
"162.158.106.77","2025-11-16T11:22:47Z","/wp-content/plugins/index.php","-","plugin_php"
"162.158.106.77","2025-11-16T11:22:49Z","/wp-content/plugins/revslider/includes/external/page/index.php","-","plugin_php"
"162.158.106.77","2025-11-16T11:22:50Z","/wp-content/plugins/Cache/Cache.php","-","plugin_php"
"162.158.106.77","2025-11-16T11:22:54Z","/wp-content/plugins/contact-form-7/includes/js/jquery-ui/themes/smoothness/admin.php","-","plugin_php"
"162.158.106.77","2025-11-16T11:22:56Z","/wp-content/plugins/fix/up.php","-","plugin_php"
"162.158.106.76","2025-11-16T11:22:57Z","/wp-content/plugins/wordpress-seo/rk1.php","-","plugin_php"
"162.158.106.77","2025-11-16T11:22:58Z","/wp-content/plugins/zgdsfagck/rk2.php","-","plugin_php"
"162.158.106.77","2025-11-16T11:22:58Z","/wp-content/plugins/rsquaaj/index4.php","-","plugin_php"
"162.158.189.152","2025-11-16T11:41:54Z","/wp-content/plugins/index.php","Mozlila/5.0 (Linux; Android 7.0; SM-G892A Bulid/NRD90M; wv) AppleWebKit/537.36 (KHTML, like Gecko) Version/4.0 Chrome/60.0.3112.107 Moblie Safari/537.36Team Anon Force","plugin_php"
"172.69.165.23","2025-11-16T11:46:06Z","/wp-content/plugins/fix/up.php","Mozlila/5.0 (Linux; Android 7.0; SM-G892A Bulid/NRD90M; wv) AppleWebKit/537.36 (KHTML, like Gecko) Version/4.0 Chrome/60.0.3112.107 Moblie Safari/537.36","plugin_php"
"172.69.166.57","2025-11-16T13:34:58Z","/wp-content/plugins/wps-hide-login/wps-hide-login.php","Mozilla/5.0","plugin_php"
"172.71.124.215","2025-11-16T14:34:15Z","/wp-content/plugins/fix/up.php","Mozlila/5.0 (Linux; Android 7.0; SM-G892A Bulid/NRD90M; wv) AppleWebKit/537.36 (KHTML, like Gecko) Version/4.0 Chrome/60.0.3112.107 Moblie Safari/537.36","plugin_php"
"172.69.176.8","2025-11-16T15:03:44Z","/wp-content/plugins/ubh/up.php","Mozilla/5.0 (Linux x86_64; rv:79.0) Gecko/20100101 Firefox/79.0","plugin_php"
"172.69.176.8","2025-11-16T15:03:44Z","/wp-content/plugins/seoplugins/db.php?u","Mozilla/5.0 (X11; Linux x86_64) AppleWebKit/537.36 (KHTML, like Gecko) Chrome/84.0.4147.105 Safari/537.36","plugin_php"
"172.69.176.8","2025-11-16T15:03:44Z","/wp-content/plugins/linkpreview/db.php?u","Mozilla/5.0 (Windows NT 10.0; Win64; x64; rv:75.0) Gecko/20100101 Firefox/75.0","plugin_php"
"172.69.176.8","2025-11-16T15:03:45Z","/wp-content/plugins/pwnd/pwnd.php","Mozilla/5.0 (Windows NT 10.0) AppleWebKit/537.36 (KHTML, like Gecko) Chrome/84.0.4147.105 Safari/537.36","plugin_php"
"172.69.176.8","2025-11-16T15:03:45Z","/wp-content/plugins/pwnd-1/pwnd.php","Mozilla/5.0 (Windows NT 6.1; Win64; x64) AppleWebKit/537.36 (KHTML, like Gecko) Chrome/78.0.3904.108 Safari/537.36","plugin_php"
"172.69.176.8","2025-11-16T15:03:45Z","/wp-content/plugins/core-plugin/include.php","Mozilla/5.0 (Windows NT 10.0; Win64; x64; rv:77.0) Gecko/20100101 Firefox/77.0","plugin_php"
"172.69.176.8","2025-11-16T15:03:45Z","/wp-content/plugins/envato-css.php","Mozilla/5.0 (Windows NT 10.0; Win64; x64) AppleWebKit/537.36 (KHTML, like Gecko) Chrome/70.0.3538.77 Safari/537.36","plugin_php"
"172.69.176.8","2025-11-16T15:03:46Z","/wp-content/plugins/elementor/wp-wjvngrh.php","Mozilla/5.0 (Windows NT 10.0; Win64; x64; rv:73.0) Gecko/20100101 Firefox/73.0","plugin_php"
"172.69.176.8","2025-11-16T15:03:50Z","/wp-content/plugins/admin.php","Mozilla/5.0 (Windows NT 6.1; Win64; x64) AppleWebKit/537.36 (KHTML, like Gecko) Chrome/74.0.3729.169 Safari/537.36","plugin_php"
"172.69.176.8","2025-11-16T15:03:51Z","/wp-content/plugins/pwnd-1/admin.php","Mozilla/5.0 (compatible; MSIE 10.0; Windows NT 6.1; Trident/6.0)","plugin_php"
"172.69.176.8","2025-11-16T15:03:56Z","/wp-content/plugins/bypass.php","Mozilla/5.0 (Windows NT 10.0) AppleWebKit/537.36 (KHTML, like Gecko) Chrome/84.0.4147.105 Safari/537.36","plugin_php"
"172.69.176.8","2025-11-16T15:04:00Z","/wp-content/plugins/wp-theme-editor/include.php","Mozilla/5.0 (Windows NT 10.0; Win64; x64; rv:75.0) Gecko/20100101 Firefox/75.0","plugin_php"
"172.69.176.8","2025-11-16T15:04:00Z","/wp-content/plugins/up/main.php","Mozilla/5.0 (Windows NT 10.0; Win64; x64) AppleWebKit/537.36 (KHTML, like Gecko) Chrome/74.0.3729.169 Safari/537.36","plugin_php"
"172.69.176.8","2025-11-16T15:04:01Z","/wp-content/plugins/autoload_classmap.php","Mozilla/5.0 (Windows NT 10.0; Win64; x64) AppleWebKit/537.36 (KHTML, like Gecko) Chrome/58.0.3029.110 Safari/537.3","plugin_php"
"172.69.176.8","2025-11-16T15:04:02Z","/wp-content/plugins/dummyyummy/wp-signup.php","Mozilla/5.0 (Windows NT 6.1; Win64; x64) AppleWebKit/537.36 (KHTML, like Gecko) Chrome/58.0.3029.110 Safari/537.3","plugin_php"
"172.69.176.8","2025-11-16T15:04:07Z","/wp-content/plugins/WordPressCore/index.php","Mozilla/5.0 (Windows NT 10.0; Win64; x64) AppleWebKit/537.36 (KHTML, like Gecko) Chrome/70.0.3538.77 Safari/537.36","plugin_php"
"172.69.176.8","2025-11-16T15:04:08Z","/wp-content/plugins/phpadmin/as.php","Mozilla/5.0 (Windows NT 10.0; Win64; x64; rv:75.0) Gecko/20100101 Firefox/75.0","plugin_php"
"172.69.176.8","2025-11-16T15:04:09Z","/wp-content/plugins/hello.php","Mozilla/5.0 (Windows NT 10.0) AppleWebKit/537.36 (KHTML, like Gecko) Chrome/72.0.3626.121 Safari/537.36","plugin_php"
"172.69.176.8","2025-11-16T15:04:09Z","/wp-content/plugins/seoo/about.php","Mozilla/5.0 (Windows NT 10.0; WOW64) AppleWebKit/537.36 (KHTML, like Gecko) Chrome/84.0.4147.105 Safari/537.36","plugin_php"
"172.69.176.8","2025-11-16T15:04:11Z","/wp-content/plugins/view-more/ioxi.php","Mozilla/5.0 (Windows NT 6.1; Win64; x64) AppleWebKit/537.36 (KHTML, like Gecko) Chrome/78.0.3904.108 Safari/537.36","plugin_php"
"172.69.176.8","2025-11-16T15:04:12Z","/wp-content/plugins/ioxi/ioxiworm.php","Mozilla/5.0 (Macintosh; Intel Mac OS X 10_15_6) AppleWebKit/537.36 (KHTML, like Gecko) Chrome/84.0.4147.105 Safari/537.36","plugin_php"
"172.69.176.8","2025-11-16T15:04:12Z","/wp-content/plugins/ccx/index.php","Mozilla/5.0 (Windows NT 10.0; Win64; x64) AppleWebKit/537.36 (KHTML, like Gecko) Chrome/70.0.3538.77 Safari/537.36","plugin_php"
"172.69.176.8","2025-11-16T15:04:13Z","/wp-content/plugins/seoplugins/index.php","Mozilla/5.0 (Windows NT 10.0; Win64; x64) AppleWebKit/537.36 (KHTML, like Gecko) Chrome/84.0.4147.105 Safari/537.36 OPR/70.0.3728.95","plugin_php"
"172.69.176.8","2025-11-16T15:04:18Z","/wp-content/plugins/fix/up.php","Mozilla/5.0 (Windows NT 10.0) AppleWebKit/537.36 (KHTML, like Gecko) Chrome/72.0.3626.121 Safari/537.36","plugin_php"
"172.69.176.8","2025-11-16T15:04:18Z","/wp-content/plugins/atomlib.php","Mozilla/5.0 (Windows NT 10.0; Win64; x64) AppleWebKit/537.36 (KHTML, like Gecko) Chrome/74.0.3729.169 Safari/537.36","plugin_php"
"172.69.176.8","2025-11-16T15:04:22Z","/wp-content/plugins/index.php","Mozilla/5.0 (Windows NT 10.0; Win64; x64) AppleWebKit/537.36 (KHTML, like Gecko) Chrome/83.0.4103.97 Safari/537.36","plugin_php"
"172.69.176.8","2025-11-16T15:04:23Z","/wp-content/plugins/wp-login.php","Mozilla/5.0 (X11; Linux x86_64) AppleWebKit/537.36 (KHTML, like Gecko) Chrome/84.0.4147.105 Safari/537.36","plugin_php"
"172.69.176.8","2025-11-16T15:04:28Z","/wp-content/plugins/fix/as.php","Mozilla/5.0 (Macintosh; Intel Mac OS X 10_15_6) AppleWebKit/537.36 (KHTML, like Gecko) Chrome/84.0.4147.105 Safari/537.36","plugin_php"
"172.69.176.8","2025-11-16T15:04:29Z","/wp-content/plugins/erinyani/asasx.php","Mozilla/5.0 (Windows NT 6.3; Win64; x64; rv:73.0) Gecko/20100101 Firefox/73.0","plugin_php"
"172.69.176.8","2025-11-16T15:04:30Z","/wp-content/plugins/wp-conflg.php","Mozilla/5.0 (Windows NT 10.0; Win64; x64) AppleWebKit/537.36 (KHTML, like Gecko) Chrome/83.0.4103.97 Safari/537.36","plugin_php"
"172.69.176.8","2025-11-16T15:04:31Z","/wp-content/plugins/pwnd/admin-footer.php","Mozilla/5.0 (Linux x86_64; rv:79.0) Gecko/20100101 Firefox/79.0","plugin_php"
"172.69.176.8","2025-11-16T15:04:36Z","/wp-content/plugins/revslider/includes/external/page/index.php","Mozilla/5.0 (Windows NT 10.0; Win64; x64) AppleWebKit/537.36 (KHTML, like Gecko) Chrome/81.0.4044.129 Safari/537.36","plugin_php"
"172.69.176.8","2025-11-16T15:04:36Z","/wp-content/plugins/ioxi/ioxi/dropdown.php","Mozilla/5.0 (Windows NT 10.0; Win64; x64) AppleWebKit/537.36 (KHTML, like Gecko) Chrome/81.0.4044.129 Safari/537.36","plugin_php"
"172.69.176.8","2025-11-16T15:04:38Z","/wp-content/plugins/ubh/install.php","Mozilla/5.0 (Windows NT 6.1; Win64; x64) AppleWebKit/537.36 (KHTML, like Gecko) Chrome/74.0.3729.169 Safari/537.36","plugin_php"
"172.69.176.8","2025-11-16T15:04:41Z","/wp-content/plugins/pwnd/1.php","Mozilla/5.0 (X11; Ubuntu; Linux x86_64; rv:79.0) Gecko/20100101 Firefox/79.0","plugin_php"
"172.69.176.8","2025-11-16T15:04:41Z","/wp-content/plugins/ubh/av.php","Mozilla/5.0 (X11; Linux x86_64) AppleWebKit/537.36 (KHTML, like Gecko) Chrome/84.0.4147.105 Safari/537.36 OPR/70.0.3728.95","plugin_php"
"172.69.176.8","2025-11-16T15:04:42Z","/wp-content/plugins/erinyani/default.php","Mozilla/5.0 (Windows NT 10.0; Win64; x64; rv:66.0) Gecko/20100101 Firefox/66.0","plugin_php"
"172.69.176.8","2025-11-16T15:04:42Z","/wp-content/plugins/pwnd/install.php","Mozilla/5.0 (Windows NT 10.0; Win64; x64) AppleWebKit/537.36 (KHTML, like Gecko) Chrome/84.0.4147.105 Safari/537.36","plugin_php"
"172.69.176.8","2025-11-16T15:04:48Z","/wp-content/plugins/fix/bypass.php","Mozilla/5.0 (Windows NT 10.0; Win64; x64) AppleWebKit/537.36 (KHTML, like Gecko) Chrome/70.0.3538.110 Safari/537.36","plugin_php"
"172.69.176.8","2025-11-16T15:04:53Z","/wp-content/plugins/pwnd/sst.php","Mozilla/5.0 (Macintosh; Intel Mac OS X 10_12_6) AppleWebKit/537.36 (KHTML, like Gecko) Chrome/58.0.3029.110 Safari/537.3","plugin_php"
"172.69.176.8","2025-11-16T15:04:54Z","/wp-content/plugins/about.php","Mozilla/5.0 (Windows NT 10.0; Win64; x64) AppleWebKit/537.36 (KHTML, like Gecko) Chrome/80.0.3987.149 Safari/537.36","plugin_php"
"172.69.176.8","2025-11-16T15:04:54Z","/wp-content/plugins/pwnd/cloud.php","Mozilla/5.0 (Windows NT 10.0; Win64; x64) AppleWebKit/537.36 (KHTML, like Gecko) Chrome/83.0.4103.97 Safari/537.36","plugin_php"
"172.69.176.8","2025-11-16T15:04:54Z","/wp-content/plugins/ubh/adminfus.php","Mozilla/5.0 (Windows NT 10.0; Win64; x64) AppleWebKit/537.36 (KHTML, like Gecko) Chrome/75.0.3770.100 Safari/537.36","plugin_php"
"172.69.176.8","2025-11-16T15:04:55Z","/wp-content/plugins/pwnd-1/kurd.php","Mozilla/5.0 (Windows NT 10.0; Win64; x64) AppleWebKit/537.36 (KHTML, like Gecko) Chrome/79.0.3945.130 Safari/537.36","plugin_php"
"172.69.176.8","2025-11-16T15:04:59Z","/wp-content/plugins/WordPressCore/include.php","Mozilla/5.0 (Macintosh; Intel Mac OS X 10_15_6) AppleWebKit/537.36 (KHTML, like Gecko) Chrome/84.0.4147.105 Safari/537.36 OPR/70.0.3728.95","plugin_php"
"172.69.176.8","2025-11-16T15:05:04Z","/wp-content/plugins/pwnd-1/dedi1.php","Mozilla/5.0 (Windows NT 10.0; Win64; x64) AppleWebKit/537.36 (KHTML, like Gecko) Chrome/84.0.4147.105 Safari/537.36","plugin_php"
"172.69.176.8","2025-11-16T15:05:07Z","/wp-content/plugins/WordPressCore/gecko.php","Mozilla/5.0 (Windows NT 10.0) AppleWebKit/537.36 (KHTML, like Gecko) Chrome/72.0.3626.121 Safari/537.36","plugin_php"
"172.69.176.8","2025-11-16T15:05:07Z","/wp-content/plugins/pwnd/dedi1.php","Mozilla/5.0 (Windows NT 6.1; Win64; x64) AppleWebKit/537.36 (KHTML, like Gecko) Chrome/78.0.3904.108 Safari/537.36","plugin_php"
"172.69.176.8","2025-11-16T15:05:08Z","/wp-content/plugins/pwnd-1/install.php","Mozilla/5.0 (Windows NT 10.0; WOW64; Trident/7.0; .NET4.0C; .NET4.0E; .NET CLR 2.0.50727; .NET CLR 3.0.30729; .NET CLR 3.5.30729; rv:11.0) like Gecko","plugin_php"
"172.69.176.8","2025-11-16T15:05:10Z","/wp-content/plugins/seoo/alfa.php","Mozilla/5.0 (Windows NT 10.0; Win64; x64) AppleWebKit/537.36 (KHTML, like Gecko) Chrome/84.0.4147.105 Safari/537.36","plugin_php"
"172.69.176.8","2025-11-16T15:05:11Z","/wp-content/plugins/pwnd/autoload_classmap.php","Mozilla/5.0 (Macintosh; Intel Mac OS X 10_10_1) AppleWebKit/537.36 (KHTML, like Gecko) Chrome/39.0.2171.95 Safari/537.36","plugin_php"
"172.69.176.8","2025-11-16T15:05:14Z","/wp-content/plugins/pwnd/adminfus.php","Mozilla/5.0 (Windows NT 10.0; WOW64; Trident/7.0; .NET4.0C; .NET4.0E; .NET CLR 2.0.50727; .NET CLR 3.0.30729; .NET CLR 3.5.30729; rv:11.0) like Gecko","plugin_php"
"172.69.176.8","2025-11-16T15:05:16Z","/wp-content/plugins/classic-editor/alam.php","Mozilla/5.0 (Windows NT 10.0; Win64; x64) AppleWebKit/537.36 (KHTML, like Gecko) Chrome/80.0.3987.149 Safari/537.36","plugin_php"
"172.69.176.8","2025-11-16T15:05:19Z","/wp-content/plugins/core-plugin/waf_defender.php","Mozilla/5.0 (Windows NT 10.0; WOW64) AppleWebKit/537.36 (KHTML, like Gecko) Chrome/84.0.4147.105 Safari/537.36","plugin_php"
"172.69.176.9","2025-11-16T15:05:21Z","/wp-content/plugins/linkpreview/av.php","Mozilla/5.0 (Windows NT 10.0; Win64; x64) AppleWebKit/537.36 (KHTML, like Gecko) Chrome/84.0.4147.105 Safari/537.36 OPR/70.0.3728.95","plugin_php"
"172.69.166.126","2025-11-16T15:05:57Z","/wp-content/plugins/","Mozilla/5.0 (X11; Fedora; Linux x86_64; rv:79.0) Gecko/20100101 Firefox/79.0","plugin_php"
"172.71.81.167","2025-11-16T15:10:49Z","/wp-content/plugins/wp-mail/modules/tags-contribute.php","Mozilla/5.0 (Windows NT 10.0; Win64; x64) AppleWebKit/537.36 (KHTML, like Gecko) Chrome/127.0.0.0 Safari/537.36","plugin_php"
"172.70.208.139","2025-11-16T15:13:50Z","/wp-content/plugins/wp-mail/modules/tags-contribute.php","Mozilla/5.0 (Windows NT 10.0; Win64; x64) AppleWebKit/537.36 (KHTML, like Gecko) Chrome/127.0.0.0 Safari/537.36","plugin_php"
"104.23.175.74","2025-11-16T15:58:02Z","/wp-content/plugins/wp-mail/modules/tags-contribute.php","Mozilla/5.0 (Windows NT 10.0; Win64; x64) AppleWebKit/537.36 (KHTML, like Gecko) Chrome/127.0.0.0 Safari/537.36","plugin_php"
"162.158.88.49","2025-11-16T16:29:28Z","/wp-content/plugins/523453244/ninja.php","Mozilla/5.0 (Linux; Android 11; M2010J19SI) AppleWebKit/537.36 (KHTML, like Gecko) Chrome/109.0.0.0 Mobile Safari/537.36","plugin_php"
"172.70.143.210","2025-11-16T16:29:58Z","/wp-content/plugins/shell/about.php","Mozilla/5.0 (Linux; Android 11; M2010J19SI) AppleWebKit/537.36 (KHTML, like Gecko) Chrome/109.0.0.0 Mobile Safari/537.36","plugin_php"
"172.70.189.50","2025-11-16T16:30:01Z","/wp-content/plugins/pwnd/pwnd.php","Mozilla/5.0 (Linux; Android 11; M2010J19SI) AppleWebKit/537.36 (KHTML, like Gecko) Chrome/109.0.0.0 Mobile Safari/537.36","plugin_php"
"172.70.208.81","2025-11-16T16:30:05Z","/wp-content/plugins/fix/up.php","Mozilla/5.0 (Linux; Android 11; M2010J19SI) AppleWebKit/537.36 (KHTML, like Gecko) Chrome/109.0.0.0 Mobile Safari/537.36","plugin_php"
"162.158.163.238","2025-11-16T16:30:08Z","/wp-content/plugins/ph-file-manager/wp-file.php","Mozilla/5.0 (Linux; Android 11; M2010J19SI) AppleWebKit/537.36 (KHTML, like Gecko) Chrome/109.0.0.0 Mobile Safari/537.36","plugin_php"
"162.158.190.34","2025-11-16T16:30:11Z","/wp-content/plugins/root-file-manager/wp-file.php","Mozilla/5.0 (Linux; Android 11; M2010J19SI) AppleWebKit/537.36 (KHTML, like Gecko) Chrome/109.0.0.0 Mobile Safari/537.36","plugin_php"
"162.158.163.238","2025-11-16T16:30:14Z","/wp-content/plugins/wp-help/mini.php","Mozilla/5.0 (Linux; Android 11; M2010J19SI) AppleWebKit/537.36 (KHTML, like Gecko) Chrome/109.0.0.0 Mobile Safari/537.36","plugin_php"
"172.70.93.95","2025-11-16T16:37:22Z","/wp-content/plugins/523453244/ninja.php","Mozilla/5.0 (Linux; Android 11; M2010J19SI) AppleWebKit/537.36 (KHTML, like Gecko) Chrome/109.0.0.0 Mobile Safari/537.36","plugin_php"
"104.23.175.250","2025-11-16T16:37:46Z","/wp-content/plugins/shell/about.php","Mozilla/5.0 (Linux; Android 11; M2010J19SI) AppleWebKit/537.36 (KHTML, like Gecko) Chrome/109.0.0.0 Mobile Safari/537.36","plugin_php"
"104.23.175.250","2025-11-16T16:37:48Z","/wp-content/plugins/pwnd/pwnd.php","Mozilla/5.0 (Linux; Android 11; M2010J19SI) AppleWebKit/537.36 (KHTML, like Gecko) Chrome/109.0.0.0 Mobile Safari/537.36","plugin_php"
"108.162.226.172","2025-11-16T16:37:51Z","/wp-content/plugins/fix/up.php","Mozilla/5.0 (Linux; Android 11; M2010J19SI) AppleWebKit/537.36 (KHTML, like Gecko) Chrome/109.0.0.0 Mobile Safari/537.36","plugin_php"
"172.68.164.75","2025-11-16T16:37:54Z","/wp-content/plugins/ph-file-manager/wp-file.php","Mozilla/5.0 (Linux; Android 11; M2010J19SI) AppleWebKit/537.36 (KHTML, like Gecko) Chrome/109.0.0.0 Mobile Safari/537.36","plugin_php"
"162.158.108.139","2025-11-16T16:37:55Z","/wp-content/plugins/root-file-manager/wp-file.php","Mozilla/5.0 (Linux; Android 11; M2010J19SI) AppleWebKit/537.36 (KHTML, like Gecko) Chrome/109.0.0.0 Mobile Safari/537.36","plugin_php"
"162.158.171.30","2025-11-16T16:37:57Z","/wp-content/plugins/wp-help/mini.php","Mozilla/5.0 (Linux; Android 11; M2010J19SI) AppleWebKit/537.36 (KHTML, like Gecko) Chrome/109.0.0.0 Mobile Safari/537.36","plugin_php"
"172.68.164.78","2025-11-16T16:56:29Z","/wp-content/plugins/hellopress/wp_filemanager.php","-","plugin_php"
"172.68.164.78","2025-11-16T16:56:31Z","/wp-content/plugins/core/include.php","-","plugin_php"
"172.68.164.78","2025-11-16T16:56:32Z","/wp-content/plugins/wp-apxupx.php?apx=upx","-","plugin_php"
"172.68.164.78","2025-11-16T16:56:32Z","/wp-content/plugins/linkpreview/db.php?u","-","plugin_php"
"172.68.164.78","2025-11-16T16:56:33Z","/wp-content/plugins/seoplugins/db.php?u","-","plugin_php"
"172.68.164.78","2025-11-16T16:56:33Z","/wp-content/plugins/seoplugins/mar.php","-","plugin_php"
"172.68.164.78","2025-11-16T16:56:33Z","/wp-content/plugins/index.php","-","plugin_php"
"172.68.164.78","2025-11-16T16:56:34Z","/wp-content/plugins/revslider/includes/external/page/index.php","-","plugin_php"
"172.68.164.78","2025-11-16T16:56:34Z","/wp-content/plugins/Cache/Cache.php","-","plugin_php"
"172.68.164.78","2025-11-16T16:56:35Z","/wp-content/plugins/contact-form-7/includes/js/jquery-ui/themes/smoothness/admin.php","-","plugin_php"
"172.68.164.78","2025-11-16T16:56:36Z","/wp-content/plugins/fix/up.php","-","plugin_php"
"172.68.164.78","2025-11-16T16:56:37Z","/wp-content/plugins/wordpress-seo/rk1.php","-","plugin_php"
"172.68.164.78","2025-11-16T16:56:37Z","/wp-content/plugins/zgdsfagck/rk2.php","-","plugin_php"
"172.68.164.78","2025-11-16T16:56:37Z","/wp-content/plugins/rsquaaj/index4.php","-","plugin_php"
"162.158.163.238","2025-11-16T17:03:18Z","/wp-content/plugins/wp-mail/modules/tags-contribute.php","Mozilla/5.0 (Windows NT 10.0; Win64; x64) AppleWebKit/537.36 (KHTML, like Gecko) Chrome/127.0.0.0 Safari/537.36","plugin_php"
"172.70.208.80","2025-11-15T19:05:45Z","/wp-content/plugins/fix/up.php","Mozilla/5.0 (Windows NT 10.0; Win64; x64) AppleWebKit/537.36 (KHTML, like Gecko) Chrome/85.0.4183.102 Safari/537.36","plugin_php"
"172.71.81.195","2025-11-15T19:15:28Z","/wp-content/plugins/fix/up.php","Mozilla/5.0 (Windows NT 10.0; Win64; x64) AppleWebKit/537.36 (KHTML, like Gecko) Chrome/85.0.4183.102 Safari/537.36","plugin_php"
"172.71.81.195","2025-11-15T19:31:22Z","/wp-content/plugins/fix/up.php","Mozilla/5.0 (Windows NT 10.0; Win64; x64) AppleWebKit/537.36 (KHTML, like Gecko) Chrome/85.0.4183.102 Safari/537.36","plugin_php"
"172.71.81.168","2025-11-15T19:40:06Z","/wp-content/plugins/fix/up.php","Mozilla/5.0 (Windows NT 10.0; Win64; x64) AppleWebKit/537.36 (KHTML, like Gecko) Chrome/85.0.4183.102 Safari/537.36","plugin_php"
"104.23.175.250","2025-11-16T00:17:02Z","/wp-content/themes/alera/alpha.php","Mozilla/5.0 (Linux; Android 7.0; SM-G892A Build/NRD90M; wv) AppleWebKit/537.36 (KHTML, like Gecko) Version/4.0 Chrome/60.0.3112.107 Mobile Safari/537.36","themes_php"
"172.70.92.182","2025-11-16T01:36:39Z","/wp-content/themes/pridmag/db.php?u","-","themes_php"
"172.70.188.51","2025-11-16T02:23:09Z","/wp-content/themes/seotheme/db.php?u","Mozlila/5.0 (Linux; Android 7.0; SM-G892A Bulid/NRD90M; wv) AppleWebKit/537.36 (KHTML, like Gecko) Version/4.0 Chrome/60.0.3112.107 Moblie Safari/537.36","themes_php"
"162.158.170.222","2025-11-16T02:23:10Z","/wp-content/themes/seotheme/db.php?u","Mozlila/5.0 (Linux; Android 7.0; SM-G892A Bulid/NRD90M; wv) AppleWebKit/537.36 (KHTML, like Gecko) Version/4.0 Chrome/60.0.3112.107 Moblie Safari/537.36","themes_php"
"172.71.81.195","2025-11-16T04:07:12Z","/wp-content/themes/twentytwentythree/patterns/index.php","Mozlila/5.0 (Linux; Android 7.0; SM-G892A Bulid/NRD90M; wv) AppleWebKit/537.36 (KHTML, like Gecko) Version/4.0 Chrome/60.0.3112.107 Moblie Safari/537.36Team Anon Force","themes_php"
"172.69.176.13","2025-11-16T04:07:39Z","//wp-content/themes/calmly/issue.php","Go-http-client/2.0","themes_php"
"172.71.124.36","2025-11-16T04:07:49Z","//wp-content/themes/index.php","Go-http-client/2.0","themes_php"
"172.71.81.213","2025-11-16T04:07:59Z","//wp-content/themes/admin.php","Go-http-client/2.0","themes_php"
"172.70.208.72","2025-11-16T04:08:00Z","//wp-content/themes/Divi/404.php","Go-http-client/2.0","themes_php"
"172.71.124.36","2025-11-16T04:08:02Z","//wp-content/themes/pwnd-themes/archive.php","Go-http-client/2.0","themes_php"
"108.162.227.90","2025-11-16T04:08:08Z","//wp-content/themes/twenty/twenty.php","Go-http-client/2.0","themes_php"
"162.158.88.42","2025-11-16T04:08:15Z","//wp-content/themes/pridmag/db.php?u","Go-http-client/2.0","themes_php"
"172.70.92.185","2025-11-16T04:08:17Z","//wp-content/themes/newsfeed-theme/bbh.php","Go-http-client/2.0","themes_php"
"162.158.108.99","2025-11-16T04:08:33Z","//wp-content/themes/aahana/json.php","Go-http-client/2.0","themes_php"
"162.158.107.75","2025-11-16T04:08:35Z","//wp-content/themes/deeto/login.php","Go-http-client/2.0","themes_php"
"172.70.92.185","2025-11-16T04:08:36Z","//wp-content/themes/seotheme/db.php?u","Go-http-client/2.0","themes_php"
"172.70.143.213","2025-11-16T04:08:40Z","//wp-content/themes/about.php","Go-http-client/2.0","themes_php"
"162.158.88.42","2025-11-16T04:09:03Z","//wp-content/themes/seotheme/mar.php","Go-http-client/2.0","themes_php"
"162.158.162.130","2025-11-16T04:09:14Z","//wp-content/themes/bbpress/pridmag/uploads/rcc.php","Go-http-client/2.0","themes_php"
"172.71.124.36","2025-11-16T04:09:16Z","//wp-content/themes/twentytwentythree/patterns/index.php","Go-http-client/2.0","themes_php"
"162.158.170.105","2025-11-16T04:09:32Z","//wp-content/themes/theme-check/theme-check.php","Go-http-client/2.0","themes_php"
"172.70.208.80","2025-11-16T04:16:48Z","/wp-content/themes/twentyfive/include.php","Mozilla/5.0 (Windows NT 10.0; Win64; x64) AppleWebKit/537.36 (KHTML, like Gecko) Chrome/85.0.4183.102 Safari/537.36","themes_php"
"172.68.164.21","2025-11-16T04:17:25Z","/wp-content/themes/seotheme/db.php?u","Mozlila/5.0 (Linux; Android 7.0; SM-G892A Bulid/NRD90M; wv) AppleWebKit/537.36 (KHTML, like Gecko) Version/4.0 Chrome/60.0.3112.107 Moblie Safari/537.36","themes_php"
"104.23.175.251","2025-11-16T04:17:25Z","/wp-content/themes/seotheme/db.php?u","Mozlila/5.0 (Linux; Android 7.0; SM-G892A Bulid/NRD90M; wv) AppleWebKit/537.36 (KHTML, like Gecko) Version/4.0 Chrome/60.0.3112.107 Moblie Safari/537.36","themes_php"
"172.68.164.54","2025-11-16T04:29:08Z","//wp-content/themes/twentyfive/include.php","-","themes_php"
"162.158.189.209","2025-11-16T04:29:08Z","//wp-content/themes/twentyseventeen/page/index.php?p=","-","themes_php"
"172.70.208.139","2025-11-16T04:29:15Z","//wp-content/themes/pridmag/db.php?u","-","themes_php"
"172.70.92.183","2025-11-16T04:29:15Z","//wp-content/themes/seotheme/mar.php","-","themes_php"
"172.68.164.54","2025-11-16T04:29:16Z","//wp-content/themes/seotheme/db.php?u","-","themes_php"
"172.70.208.139","2025-11-16T04:29:41Z","//wp-content/themes/about.php","-","themes_php"
"162.158.189.209","2025-11-16T04:29:47Z","//wp-content/themes/travel/issue.php","-","themes_php"
"162.158.88.145","2025-11-16T04:29:48Z","//wp-content/themes/travelscape/json.php","-","themes_php"
"172.71.124.183","2025-11-16T04:34:10Z","/wp-content/themes/twentytwentythree/patterns/index.php","Mozlila/5.0 (Linux; Android 7.0; SM-G892A Bulid/NRD90M; wv) AppleWebKit/537.36 (KHTML, like Gecko) Version/4.0 Chrome/60.0.3112.107 Moblie Safari/537.36Team Anon Force","themes_php"
"172.69.176.136","2025-11-16T05:06:48Z","/wp-content/themes/twentyfive/include.php","Mozilla/5.0 (Windows NT 10.0; Win64; x64) AppleWebKit/537.36 (KHTML, like Gecko) Chrome/85.0.4183.102 Safari/537.36","themes_php"
"172.70.143.210","2025-11-16T05:23:00Z","/wp-content/themes/alfacgiapi/index.php?bx=0e215962017","Mozilla/5.0 (Linux; Android 11; Redmi Note 9 Pro Build/RKQ1.200826.002; wv) AppleWebKit/537.36 (KHTML, like Gecko) Version/4.0 Chrome/90.0.4430.210 Mobile Safari/537.36","themes_php"
"162.158.106.49","2025-11-16T05:23:01Z","/wp-content/themes/alfacgiapi/radio.php?bx=0e215962017","Mozilla/5.0 (Linux; Android 11; Redmi Note 9 Pro Build/RKQ1.200826.002; wv) AppleWebKit/537.36 (KHTML, like Gecko) Version/4.0 Chrome/90.0.4430.210 Mobile Safari/537.36","themes_php"
"162.158.171.29","2025-11-16T05:23:01Z","/wp-content/themes/alfacgiapi/404.php?bx=0e215962017","Mozilla/5.0 (Linux; Android 11; Redmi Note 9 Pro Build/RKQ1.200826.002; wv) AppleWebKit/537.36 (KHTML, like Gecko) Version/4.0 Chrome/90.0.4430.210 Mobile Safari/537.36","themes_php"
"172.70.208.80","2025-11-16T05:23:07Z","/wp-content/themes/ALFA_DATA/alfacgiapi/index.php?bx=0e215962017","Mozilla/5.0 (Linux; Android 11; Redmi Note 9 Pro Build/RKQ1.200826.002; wv) AppleWebKit/537.36 (KHTML, like Gecko) Version/4.0 Chrome/90.0.4430.210 Mobile Safari/537.36","themes_php"
"172.70.189.49","2025-11-16T05:23:11Z","/wp-content/themes/ALFA_DATA/alfacgiapi/radio.php?bx=0e215962017","Mozilla/5.0 (Linux; Android 11; Redmi Note 9 Pro Build/RKQ1.200826.002; wv) AppleWebKit/537.36 (KHTML, like Gecko) Version/4.0 Chrome/90.0.4430.210 Mobile Safari/537.36","themes_php"
"162.158.170.247","2025-11-16T05:23:11Z","/wp-content/themes/ALFA_DATA/alfacgiapi/404.php?bx=0e215962017","Mozilla/5.0 (Linux; Android 11; Redmi Note 9 Pro Build/RKQ1.200826.002; wv) AppleWebKit/537.36 (KHTML, like Gecko) Version/4.0 Chrome/90.0.4430.210 Mobile Safari/537.36","themes_php"
"162.158.190.34","2025-11-16T05:25:29Z","/wp-content/themes/fitnessbase/dev.php","Mozlila/5.0 (Linux; Android 7.0; SM-G892A Bulid/NRD90M; wv) AppleWebKit/537.36 (KHTML, like Gecko) Version/4.0 Chrome/60.0.3112.107 Moblie Safari/537.36","themes_php"
"162.158.163.238","2025-11-16T05:25:30Z","/wp-content/themes/fitnessbase/dev.php","Mozlila/5.0 (Linux; Android 7.0; SM-G892A Bulid/NRD90M; wv) AppleWebKit/537.36 (KHTML, like Gecko) Version/4.0 Chrome/60.0.3112.107 Moblie Safari/537.36","themes_php"
"162.158.163.238","2025-11-16T05:25:31Z","/wp-content/themes/fitnessbase/crp.php","Mozlila/5.0 (Linux; Android 7.0; SM-G892A Bulid/NRD90M; wv) AppleWebKit/537.36 (KHTML, like Gecko) Version/4.0 Chrome/60.0.3112.107 Moblie Safari/537.36","themes_php"
"108.162.226.173","2025-11-16T05:25:32Z","/wp-content/themes/fitnessbase/crp.php","Mozlila/5.0 (Linux; Android 7.0; SM-G892A Bulid/NRD90M; wv) AppleWebKit/537.36 (KHTML, like Gecko) Version/4.0 Chrome/60.0.3112.107 Moblie Safari/537.36","themes_php"
"172.70.93.94","2025-11-16T05:25:40Z","/wp-content/themes/alera/alpha.php","Mozlila/5.0 (Linux; Android 7.0; SM-G892A Bulid/NRD90M; wv) AppleWebKit/537.36 (KHTML, like Gecko) Version/4.0 Chrome/60.0.3112.107 Moblie Safari/537.36","themes_php"
"104.23.175.250","2025-11-16T05:25:40Z","/wp-content/themes/alera/alpha.php","Mozlila/5.0 (Linux; Android 7.0; SM-G892A Bulid/NRD90M; wv) AppleWebKit/537.36 (KHTML, like Gecko) Version/4.0 Chrome/60.0.3112.107 Moblie Safari/537.36","themes_php"
"104.23.175.250","2025-11-16T05:27:33Z","/wp-content/themes/noriumportfolio/img_screen.php","Mozlila/5.0 (Linux; Android 7.0; SM-G892A Bulid/NRD90M; wv) AppleWebKit/537.36 (KHTML, like Gecko) Version/4.0 Chrome/60.0.3112.107 Moblie Safari/537.36","themes_php"
"162.158.108.50","2025-11-16T05:27:34Z","/wp-content/themes/noriumportfolio/img_screen.php","Mozlila/5.0 (Linux; Android 7.0; SM-G892A Bulid/NRD90M; wv) AppleWebKit/537.36 (KHTML, like Gecko) Version/4.0 Chrome/60.0.3112.107 Moblie Safari/537.36","themes_php"
"162.158.163.238","2025-11-16T05:27:37Z","/wp-content/themes/noriumportfolio/doc.php","Mozlila/5.0 (Linux; Android 7.0; SM-G892A Bulid/NRD90M; wv) AppleWebKit/537.36 (KHTML, like Gecko) Version/4.0 Chrome/60.0.3112.107 Moblie Safari/537.36","themes_php"
"172.70.189.49","2025-11-16T05:27:38Z","/wp-content/themes/noriumportfolio/doc.php","Mozlila/5.0 (Linux; Android 7.0; SM-G892A Bulid/NRD90M; wv) AppleWebKit/537.36 (KHTML, like Gecko) Version/4.0 Chrome/60.0.3112.107 Moblie Safari/537.36","themes_php"
"162.158.88.49","2025-11-16T05:27:43Z","/wp-content/themes/noriumportfolio/alpha.php","Mozlila/5.0 (Linux; Android 7.0; SM-G892A Bulid/NRD90M; wv) AppleWebKit/537.36 (KHTML, like Gecko) Version/4.0 Chrome/60.0.3112.107 Moblie Safari/537.36","themes_php"
"172.70.189.49","2025-11-16T05:27:45Z","/wp-content/themes/noriumportfolio/alpha.php","Mozlila/5.0 (Linux; Android 7.0; SM-G892A Bulid/NRD90M; wv) AppleWebKit/537.36 (KHTML, like Gecko) Version/4.0 Chrome/60.0.3112.107 Moblie Safari/537.36","themes_php"
"162.158.190.34","2025-11-16T05:27:46Z","/wp-content/themes/noriumportfolio/db.php?u","Mozlila/5.0 (Linux; Android 7.0; SM-G892A Bulid/NRD90M; wv) AppleWebKit/537.36 (KHTML, like Gecko) Version/4.0 Chrome/60.0.3112.107 Moblie Safari/537.36","themes_php"
"162.158.163.238","2025-11-16T05:27:46Z","/wp-content/themes/noriumportfolio/db.php?u","Mozlila/5.0 (Linux; Android 7.0; SM-G892A Bulid/NRD90M; wv) AppleWebKit/537.36 (KHTML, like Gecko) Version/4.0 Chrome/60.0.3112.107 Moblie Safari/537.36","themes_php"
"162.158.163.238","2025-11-16T05:27:49Z","/wp-content/themes/seotheme/db.php?u","Mozlila/5.0 (Linux; Android 7.0; SM-G892A Bulid/NRD90M; wv) AppleWebKit/537.36 (KHTML, like Gecko) Version/4.0 Chrome/60.0.3112.107 Moblie Safari/537.36","themes_php"
"162.158.108.51","2025-11-16T05:27:50Z","/wp-content/themes/seotheme/db.php?u","Mozlila/5.0 (Linux; Android 7.0; SM-G892A Bulid/NRD90M; wv) AppleWebKit/537.36 (KHTML, like Gecko) Version/4.0 Chrome/60.0.3112.107 Moblie Safari/537.36","themes_php"
"162.158.171.29","2025-11-16T05:27:51Z","/wp-content/themes/seotheme/mar.php","Mozlila/5.0 (Linux; Android 7.0; SM-G892A Bulid/NRD90M; wv) AppleWebKit/537.36 (KHTML, like Gecko) Version/4.0 Chrome/60.0.3112.107 Moblie Safari/537.36","themes_php"
"172.70.143.210","2025-11-16T05:27:52Z","/wp-content/themes/seotheme/mar.php","Mozlila/5.0 (Linux; Android 7.0; SM-G892A Bulid/NRD90M; wv) AppleWebKit/537.36 (KHTML, like Gecko) Version/4.0 Chrome/60.0.3112.107 Moblie Safari/537.36","themes_php"
"172.70.93.94","2025-11-16T05:27:54Z","/wp-content/themes/skatepark/alpha.php","Mozlila/5.0 (Linux; Android 7.0; SM-G892A Bulid/NRD90M; wv) AppleWebKit/537.36 (KHTML, like Gecko) Version/4.0 Chrome/60.0.3112.107 Moblie Safari/537.36","themes_php"
"172.70.208.80","2025-11-16T05:27:54Z","/wp-content/themes/skatepark/alpha.php","Mozlila/5.0 (Linux; Android 7.0; SM-G892A Bulid/NRD90M; wv) AppleWebKit/537.36 (KHTML, like Gecko) Version/4.0 Chrome/60.0.3112.107 Moblie Safari/537.36","themes_php"
"172.70.189.49","2025-11-16T05:27:55Z","/wp-content/themes/skatepark/img_screen.php","Mozlila/5.0 (Linux; Android 7.0; SM-G892A Bulid/NRD90M; wv) AppleWebKit/537.36 (KHTML, like Gecko) Version/4.0 Chrome/60.0.3112.107 Moblie Safari/537.36","themes_php"
"172.70.93.94","2025-11-16T05:27:56Z","/wp-content/themes/skatepark/img_screen.php","Mozlila/5.0 (Linux; Android 7.0; SM-G892A Bulid/NRD90M; wv) AppleWebKit/537.36 (KHTML, like Gecko) Version/4.0 Chrome/60.0.3112.107 Moblie Safari/537.36","themes_php"
"162.158.171.29","2025-11-16T05:27:57Z","/wp-content/themes/skatepark/db.php?u","Mozlila/5.0 (Linux; Android 7.0; SM-G892A Bulid/NRD90M; wv) AppleWebKit/537.36 (KHTML, like Gecko) Version/4.0 Chrome/60.0.3112.107 Moblie Safari/537.36","themes_php"
"104.23.175.250","2025-11-16T05:27:58Z","/wp-content/themes/skatepark/db.php?u","Mozlila/5.0 (Linux; Android 7.0; SM-G892A Bulid/NRD90M; wv) AppleWebKit/537.36 (KHTML, like Gecko) Version/4.0 Chrome/60.0.3112.107 Moblie Safari/537.36","themes_php"
"172.68.164.74","2025-11-16T05:27:58Z","/wp-content/themes/skatepark/doc.php","Mozlila/5.0 (Linux; Android 7.0; SM-G892A Bulid/NRD90M; wv) AppleWebKit/537.36 (KHTML, like Gecko) Version/4.0 Chrome/60.0.3112.107 Moblie Safari/537.36","themes_php"
"172.71.81.195","2025-11-16T05:27:59Z","/wp-content/themes/skatepark/doc.php","Mozlila/5.0 (Linux; Android 7.0; SM-G892A Bulid/NRD90M; wv) AppleWebKit/537.36 (KHTML, like Gecko) Version/4.0 Chrome/60.0.3112.107 Moblie Safari/537.36","themes_php"
"162.158.106.49","2025-11-16T05:28:02Z","/wp-content/themes/wp-pridmag/22x.php","Mozlila/5.0 (Linux; Android 7.0; SM-G892A Bulid/NRD90M; wv) AppleWebKit/537.36 (KHTML, like Gecko) Version/4.0 Chrome/60.0.3112.107 Moblie Safari/537.36","themes_php"
"162.158.88.49","2025-11-16T05:28:03Z","/wp-content/themes/wp-pridmag/22x.php","Mozlila/5.0 (Linux; Android 7.0; SM-G892A Bulid/NRD90M; wv) AppleWebKit/537.36 (KHTML, like Gecko) Version/4.0 Chrome/60.0.3112.107 Moblie Safari/537.36","themes_php"
"172.70.189.49","2025-11-16T05:28:10Z","/wp-content/themes/workart/db.php?u","Mozlila/5.0 (Linux; Android 7.0; SM-G892A Bulid/NRD90M; wv) AppleWebKit/537.36 (KHTML, like Gecko) Version/4.0 Chrome/60.0.3112.107 Moblie Safari/537.36","themes_php"
"172.68.164.75","2025-11-16T05:28:10Z","/wp-content/themes/workart/db.php?u","Mozlila/5.0 (Linux; Android 7.0; SM-G892A Bulid/NRD90M; wv) AppleWebKit/537.36 (KHTML, like Gecko) Version/4.0 Chrome/60.0.3112.107 Moblie Safari/537.36","themes_php"
"162.158.108.95","2025-11-16T05:57:45Z","/wp-content/themes/twentyfive/include.php","-","themes_php"
"162.158.108.95","2025-11-16T05:57:45Z","/wp-content/themes/twentyseventeen/page/index.php?p=","-","themes_php"
"162.158.108.95","2025-11-16T05:57:46Z","/wp-content/themes/pridmag/db.php?u","-","themes_php"
"162.158.108.95","2025-11-16T05:57:46Z","/wp-content/themes/seotheme/mar.php","-","themes_php"
"162.158.108.95","2025-11-16T05:57:46Z","/wp-content/themes/seotheme/db.php?u","-","themes_php"
"162.158.108.95","2025-11-16T05:57:47Z","/wp-content/themes/about.php","-","themes_php"
"162.158.108.95","2025-11-16T05:57:47Z","/wp-content/themes/travel/issue.php","-","themes_php"
"162.158.108.94","2025-11-16T05:57:47Z","/wp-content/themes/travelscape/json.php","-","themes_php"
"172.71.124.40","2025-11-16T06:14:54Z","/wp-content/themes/twentyfive/include.php","-","themes_php"
"172.71.124.40","2025-11-16T06:14:54Z","/wp-content/themes/twentyseventeen/page/index.php?p=","-","themes_php"
"172.71.124.40","2025-11-16T06:14:55Z","/wp-content/themes/pridmag/db.php?u","-","themes_php"
"172.71.124.40","2025-11-16T06:14:55Z","/wp-content/themes/seotheme/mar.php","-","themes_php"
"172.71.124.40","2025-11-16T06:14:55Z","/wp-content/themes/seotheme/db.php?u","-","themes_php"
"172.71.124.40","2025-11-16T06:14:56Z","/wp-content/themes/about.php","-","themes_php"
"172.71.124.40","2025-11-16T06:14:56Z","/wp-content/themes/travel/issue.php","-","themes_php"
"172.71.124.40","2025-11-16T06:14:56Z","/wp-content/themes/travelscape/json.php","-","themes_php"
"172.70.208.128","2025-11-16T06:26:13Z","/wp-content/themes/twentyfive/include.php","Mozilla/5.0 (Windows NT 10.0; Win64; x64) AppleWebKit/537.36 (KHTML, like Gecko) Chrome/85.0.4183.102 Safari/537.36","themes_php"
"104.23.175.135","2025-11-16T07:35:38Z","/wp-content/themes/twentyfive/include.php","-","themes_php"
"172.69.166.126","2025-11-16T07:35:38Z","/wp-content/themes/twentyseventeen/page/index.php?p=","-","themes_php"
"172.70.189.164","2025-11-16T07:35:40Z","/wp-content/themes/pridmag/db.php?u","-","themes_php"
"162.158.108.94","2025-11-16T07:35:40Z","/wp-content/themes/seotheme/mar.php","-","themes_php"
"172.70.208.134","2025-11-16T07:35:40Z","/wp-content/themes/seotheme/db.php?u","-","themes_php"
"108.162.226.31","2025-11-16T07:35:45Z","/wp-content/themes/about.php","-","themes_php"
"172.70.189.164","2025-11-16T07:35:46Z","/wp-content/themes/travel/issue.php","-","themes_php"
"162.158.108.94","2025-11-16T07:35:46Z","/wp-content/themes/travelscape/json.php","-","themes_php"
"172.71.124.182","2025-11-16T07:52:53Z","/wp-content/themes/alfacgiapi/index.php?bx=0e215962017","Mozilla/5.0 (Linux; Android 11; Redmi Note 9 Pro Build/RKQ1.200826.002; wv) AppleWebKit/537.36 (KHTML, like Gecko) Version/4.0 Chrome/90.0.4430.210 Mobile Safari/537.36","themes_php"
"172.70.92.182","2025-11-16T07:52:53Z","/wp-content/themes/alfacgiapi/radio.php?bx=0e215962017","Mozilla/5.0 (Linux; Android 11; Redmi Note 9 Pro Build/RKQ1.200826.002; wv) AppleWebKit/537.36 (KHTML, like Gecko) Version/4.0 Chrome/90.0.4430.210 Mobile Safari/537.36","themes_php"
"172.70.92.182","2025-11-16T07:52:54Z","/wp-content/themes/alfacgiapi/404.php?bx=0e215962017","Mozilla/5.0 (Linux; Android 11; Redmi Note 9 Pro Build/RKQ1.200826.002; wv) AppleWebKit/537.36 (KHTML, like Gecko) Version/4.0 Chrome/90.0.4430.210 Mobile Safari/537.36","themes_php"
"172.68.242.32","2025-11-16T07:53:03Z","/wp-content/themes/ALFA_DATA/alfacgiapi/index.php?bx=0e215962017","Mozilla/5.0 (Linux; Android 11; Redmi Note 9 Pro Build/RKQ1.200826.002; wv) AppleWebKit/537.36 (KHTML, like Gecko) Version/4.0 Chrome/90.0.4430.210 Mobile Safari/537.36","themes_php"
"172.70.92.182","2025-11-16T07:53:03Z","/wp-content/themes/ALFA_DATA/alfacgiapi/radio.php?bx=0e215962017","Mozilla/5.0 (Linux; Android 11; Redmi Note 9 Pro Build/RKQ1.200826.002; wv) AppleWebKit/537.36 (KHTML, like Gecko) Version/4.0 Chrome/90.0.4430.210 Mobile Safari/537.36","themes_php"
"172.70.92.182","2025-11-16T07:53:04Z","/wp-content/themes/ALFA_DATA/alfacgiapi/404.php?bx=0e215962017","Mozilla/5.0 (Linux; Android 11; Redmi Note 9 Pro Build/RKQ1.200826.002; wv) AppleWebKit/537.36 (KHTML, like Gecko) Version/4.0 Chrome/90.0.4430.210 Mobile Safari/537.36","themes_php"
"172.70.188.51","2025-11-16T07:57:24Z","/wp-content/themes/fitnessbase/dev.php","Mozlila/5.0 (Linux; Android 7.0; SM-G892A Bulid/NRD90M; wv) AppleWebKit/537.36 (KHTML, like Gecko) Version/4.0 Chrome/60.0.3112.107 Moblie Safari/537.36","themes_php"
"162.158.108.17","2025-11-16T07:57:24Z","/wp-content/themes/fitnessbase/dev.php","Mozlila/5.0 (Linux; Android 7.0; SM-G892A Bulid/NRD90M; wv) AppleWebKit/537.36 (KHTML, like Gecko) Version/4.0 Chrome/60.0.3112.107 Moblie Safari/537.36","themes_php"
"172.68.242.32","2025-11-16T07:57:31Z","/wp-content/themes/fitnessbase/crp.php","Mozlila/5.0 (Linux; Android 7.0; SM-G892A Bulid/NRD90M; wv) AppleWebKit/537.36 (KHTML, like Gecko) Version/4.0 Chrome/60.0.3112.107 Moblie Safari/537.36","themes_php"
"162.158.106.155","2025-11-16T07:57:31Z","/wp-content/themes/fitnessbase/crp.php","Mozlila/5.0 (Linux; Android 7.0; SM-G892A Bulid/NRD90M; wv) AppleWebKit/537.36 (KHTML, like Gecko) Version/4.0 Chrome/60.0.3112.107 Moblie Safari/537.36","themes_php"
"172.70.92.182","2025-11-16T07:57:57Z","/wp-content/themes/alera/alpha.php","Mozlila/5.0 (Linux; Android 7.0; SM-G892A Bulid/NRD90M; wv) AppleWebKit/537.36 (KHTML, like Gecko) Version/4.0 Chrome/60.0.3112.107 Moblie Safari/537.36","themes_php"
"162.158.189.134","2025-11-16T07:57:57Z","/wp-content/themes/alera/alpha.php","Mozlila/5.0 (Linux; Android 7.0; SM-G892A Bulid/NRD90M; wv) AppleWebKit/537.36 (KHTML, like Gecko) Version/4.0 Chrome/60.0.3112.107 Moblie Safari/537.36","themes_php"
"172.68.164.20","2025-11-16T08:02:05Z","/wp-content/themes/noriumportfolio/img_screen.php","Mozlila/5.0 (Linux; Android 7.0; SM-G892A Bulid/NRD90M; wv) AppleWebKit/537.36 (KHTML, like Gecko) Version/4.0 Chrome/60.0.3112.107 Moblie Safari/537.36","themes_php"
"162.158.189.134","2025-11-16T08:02:05Z","/wp-content/themes/noriumportfolio/img_screen.php","Mozlila/5.0 (Linux; Android 7.0; SM-G892A Bulid/NRD90M; wv) AppleWebKit/537.36 (KHTML, like Gecko) Version/4.0 Chrome/60.0.3112.107 Moblie Safari/537.36","themes_php"
"162.158.162.127","2025-11-16T08:02:10Z","/wp-content/themes/noriumportfolio/doc.php","Mozlila/5.0 (Linux; Android 7.0; SM-G892A Bulid/NRD90M; wv) AppleWebKit/537.36 (KHTML, like Gecko) Version/4.0 Chrome/60.0.3112.107 Moblie Safari/537.36","themes_php"
"162.158.88.76","2025-11-16T08:02:10Z","/wp-content/themes/noriumportfolio/doc.php","Mozlila/5.0 (Linux; Android 7.0; SM-G892A Bulid/NRD90M; wv) AppleWebKit/537.36 (KHTML, like Gecko) Version/4.0 Chrome/60.0.3112.107 Moblie Safari/537.36","themes_php"
"162.158.88.76","2025-11-16T08:02:16Z","/wp-content/themes/noriumportfolio/alpha.php","Mozlila/5.0 (Linux; Android 7.0; SM-G892A Bulid/NRD90M; wv) AppleWebKit/537.36 (KHTML, like Gecko) Version/4.0 Chrome/60.0.3112.107 Moblie Safari/537.36","themes_php"
"172.70.208.128","2025-11-16T08:02:16Z","/wp-content/themes/noriumportfolio/alpha.php","Mozlila/5.0 (Linux; Android 7.0; SM-G892A Bulid/NRD90M; wv) AppleWebKit/537.36 (KHTML, like Gecko) Version/4.0 Chrome/60.0.3112.107 Moblie Safari/537.36","themes_php"
"104.23.175.250","2025-11-16T08:02:26Z","/wp-content/themes/noriumportfolio/db.php?u","Mozlila/5.0 (Linux; Android 7.0; SM-G892A Bulid/NRD90M; wv) AppleWebKit/537.36 (KHTML, like Gecko) Version/4.0 Chrome/60.0.3112.107 Moblie Safari/537.36","themes_php"
"162.158.189.134","2025-11-16T08:02:26Z","/wp-content/themes/noriumportfolio/db.php?u","Mozlila/5.0 (Linux; Android 7.0; SM-G892A Bulid/NRD90M; wv) AppleWebKit/537.36 (KHTML, like Gecko) Version/4.0 Chrome/60.0.3112.107 Moblie Safari/537.36","themes_php"
"162.158.170.222","2025-11-16T08:02:33Z","/wp-content/themes/seotheme/db.php?u","Mozlila/5.0 (Linux; Android 7.0; SM-G892A Bulid/NRD90M; wv) AppleWebKit/537.36 (KHTML, like Gecko) Version/4.0 Chrome/60.0.3112.107 Moblie Safari/537.36","themes_php"
"172.70.188.51","2025-11-16T08:02:33Z","/wp-content/themes/seotheme/db.php?u","Mozlila/5.0 (Linux; Android 7.0; SM-G892A Bulid/NRD90M; wv) AppleWebKit/537.36 (KHTML, like Gecko) Version/4.0 Chrome/60.0.3112.107 Moblie Safari/537.36","themes_php"
"162.158.189.134","2025-11-16T08:02:40Z","/wp-content/themes/seotheme/mar.php","Mozlila/5.0 (Linux; Android 7.0; SM-G892A Bulid/NRD90M; wv) AppleWebKit/537.36 (KHTML, like Gecko) Version/4.0 Chrome/60.0.3112.107 Moblie Safari/537.36","themes_php"
"162.158.170.222","2025-11-16T08:02:40Z","/wp-content/themes/seotheme/mar.php","Mozlila/5.0 (Linux; Android 7.0; SM-G892A Bulid/NRD90M; wv) AppleWebKit/537.36 (KHTML, like Gecko) Version/4.0 Chrome/60.0.3112.107 Moblie Safari/537.36","themes_php"
"104.23.175.250","2025-11-16T08:02:42Z","/wp-content/themes/skatepark/alpha.php","Mozlila/5.0 (Linux; Android 7.0; SM-G892A Bulid/NRD90M; wv) AppleWebKit/537.36 (KHTML, like Gecko) Version/4.0 Chrome/60.0.3112.107 Moblie Safari/537.36","themes_php"
"172.70.208.128","2025-11-16T08:02:42Z","/wp-content/themes/skatepark/alpha.php","Mozlila/5.0 (Linux; Android 7.0; SM-G892A Bulid/NRD90M; wv) AppleWebKit/537.36 (KHTML, like Gecko) Version/4.0 Chrome/60.0.3112.107 Moblie Safari/537.36","themes_php"
"108.162.226.141","2025-11-16T08:02:43Z","/wp-content/themes/skatepark/img_screen.php","Mozlila/5.0 (Linux; Android 7.0; SM-G892A Bulid/NRD90M; wv) AppleWebKit/537.36 (KHTML, like Gecko) Version/4.0 Chrome/60.0.3112.107 Moblie Safari/537.36","themes_php"
"162.158.88.76","2025-11-16T08:02:43Z","/wp-content/themes/skatepark/img_screen.php","Mozlila/5.0 (Linux; Android 7.0; SM-G892A Bulid/NRD90M; wv) AppleWebKit/537.36 (KHTML, like Gecko) Version/4.0 Chrome/60.0.3112.107 Moblie Safari/537.36","themes_php"
"172.70.208.128","2025-11-16T08:02:55Z","/wp-content/themes/skatepark/db.php?u","Mozlila/5.0 (Linux; Android 7.0; SM-G892A Bulid/NRD90M; wv) AppleWebKit/537.36 (KHTML, like Gecko) Version/4.0 Chrome/60.0.3112.107 Moblie Safari/537.36","themes_php"
"108.162.226.141","2025-11-16T08:02:59Z","/wp-content/themes/skatepark/db.php?u","Mozlila/5.0 (Linux; Android 7.0; SM-G892A Bulid/NRD90M; wv) AppleWebKit/537.36 (KHTML, like Gecko) Version/4.0 Chrome/60.0.3112.107 Moblie Safari/537.36","themes_php"
"162.158.189.134","2025-11-16T08:03:03Z","/wp-content/themes/skatepark/doc.php","Mozlila/5.0 (Linux; Android 7.0; SM-G892A Bulid/NRD90M; wv) AppleWebKit/537.36 (KHTML, like Gecko) Version/4.0 Chrome/60.0.3112.107 Moblie Safari/537.36","themes_php"
"108.162.226.140","2025-11-16T08:03:03Z","/wp-content/themes/skatepark/doc.php","Mozlila/5.0 (Linux; Android 7.0; SM-G892A Bulid/NRD90M; wv) AppleWebKit/537.36 (KHTML, like Gecko) Version/4.0 Chrome/60.0.3112.107 Moblie Safari/537.36","themes_php"
"172.68.164.119","2025-11-16T08:03:15Z","/wp-content/themes/wp-pridmag/22x.php","Mozlila/5.0 (Linux; Android 7.0; SM-G892A Bulid/NRD90M; wv) AppleWebKit/537.36 (KHTML, like Gecko) Version/4.0 Chrome/60.0.3112.107 Moblie Safari/537.36","themes_php"
"162.158.162.127","2025-11-16T08:03:16Z","/wp-content/themes/wp-pridmag/22x.php","Mozlila/5.0 (Linux; Android 7.0; SM-G892A Bulid/NRD90M; wv) AppleWebKit/537.36 (KHTML, like Gecko) Version/4.0 Chrome/60.0.3112.107 Moblie Safari/537.36","themes_php"
"162.158.189.134","2025-11-16T08:03:29Z","/wp-content/themes/workart/db.php?u","Mozlila/5.0 (Linux; Android 7.0; SM-G892A Bulid/NRD90M; wv) AppleWebKit/537.36 (KHTML, like Gecko) Version/4.0 Chrome/60.0.3112.107 Moblie Safari/537.36","themes_php"
"162.158.170.222","2025-11-16T08:03:29Z","/wp-content/themes/workart/db.php?u","Mozlila/5.0 (Linux; Android 7.0; SM-G892A Bulid/NRD90M; wv) AppleWebKit/537.36 (KHTML, like Gecko) Version/4.0 Chrome/60.0.3112.107 Moblie Safari/537.36","themes_php"
"172.68.242.33","2025-11-16T08:03:54Z","/wp-content/themes/workart/doc.php","Mozlila/5.0 (Linux; Android 7.0; SM-G892A Bulid/NRD90M; wv) AppleWebKit/537.36 (KHTML, like Gecko) Version/4.0 Chrome/60.0.3112.107 Moblie Safari/537.36","themes_php"
"172.71.124.182","2025-11-16T08:03:55Z","/wp-content/themes/workart/doc.php","Mozlila/5.0 (Linux; Android 7.0; SM-G892A Bulid/NRD90M; wv) AppleWebKit/537.36 (KHTML, like Gecko) Version/4.0 Chrome/60.0.3112.107 Moblie Safari/537.36","themes_php"
"162.158.162.127","2025-11-16T08:03:56Z","/wp-content/themes/theme/gr.php","Mozlila/5.0 (Linux; Android 7.0; SM-G892A Bulid/NRD90M; wv) AppleWebKit/537.36 (KHTML, like Gecko) Version/4.0 Chrome/60.0.3112.107 Moblie Safari/537.36","themes_php"
"172.70.92.182","2025-11-16T08:03:56Z","/wp-content/themes/theme/gr.php","Mozlila/5.0 (Linux; Android 7.0; SM-G892A Bulid/NRD90M; wv) AppleWebKit/537.36 (KHTML, like Gecko) Version/4.0 Chrome/60.0.3112.107 Moblie Safari/537.36","themes_php"
"172.70.208.128","2025-11-16T08:03:57Z","/wp-content/themes/pridmag/init.php","Mozlila/5.0 (Linux; Android 7.0; SM-G892A Bulid/NRD90M; wv) AppleWebKit/537.36 (KHTML, like Gecko) Version/4.0 Chrome/60.0.3112.107 Moblie Safari/537.36","themes_php"
"172.69.176.136","2025-11-16T08:03:58Z","/wp-content/themes/pridmag/init.php","Mozlila/5.0 (Linux; Android 7.0; SM-G892A Bulid/NRD90M; wv) AppleWebKit/537.36 (KHTML, like Gecko) Version/4.0 Chrome/60.0.3112.107 Moblie Safari/537.36","themes_php"
"172.71.152.52","2025-11-16T08:04:02Z","/wp-content/themes/jobart/db.php?u","Mozlila/5.0 (Linux; Android 7.0; SM-G892A Bulid/NRD90M; wv) AppleWebKit/537.36 (KHTML, like Gecko) Version/4.0 Chrome/60.0.3112.107 Moblie Safari/537.36","themes_php"
"172.70.208.128","2025-11-16T08:04:03Z","/wp-content/themes/jobart/db.php?u","Mozlila/5.0 (Linux; Android 7.0; SM-G892A Bulid/NRD90M; wv) AppleWebKit/537.36 (KHTML, like Gecko) Version/4.0 Chrome/60.0.3112.107 Moblie Safari/537.36","themes_php"
"104.23.175.250","2025-11-16T08:04:09Z","/wp-content/themes/jobart/doc.php","Mozlila/5.0 (Linux; Android 7.0; SM-G892A Bulid/NRD90M; wv) AppleWebKit/537.36 (KHTML, like Gecko) Version/4.0 Chrome/60.0.3112.107 Moblie Safari/537.36","themes_php"
"162.158.170.222","2025-11-16T08:04:10Z","/wp-content/themes/jobart/doc.php","Mozlila/5.0 (Linux; Android 7.0; SM-G892A Bulid/NRD90M; wv) AppleWebKit/537.36 (KHTML, like Gecko) Version/4.0 Chrome/60.0.3112.107 Moblie Safari/537.36","themes_php"
"172.70.188.51","2025-11-16T08:04:14Z","/wp-content/themes/cepair/doc.php","Mozlila/5.0 (Linux; Android 7.0; SM-G892A Bulid/NRD90M; wv) AppleWebKit/537.36 (KHTML, like Gecko) Version/4.0 Chrome/60.0.3112.107 Moblie Safari/537.36","themes_php"
"172.70.188.51","2025-11-16T08:04:14Z","/wp-content/themes/cepair/doc.php","Mozlila/5.0 (Linux; Android 7.0; SM-G892A Bulid/NRD90M; wv) AppleWebKit/537.36 (KHTML, like Gecko) Version/4.0 Chrome/60.0.3112.107 Moblie Safari/537.36","themes_php"
"172.70.188.51","2025-11-16T08:04:17Z","/wp-content/themes/cakiltheme/up.php","Mozlila/5.0 (Linux; Android 7.0; SM-G892A Bulid/NRD90M; wv) AppleWebKit/537.36 (KHTML, like Gecko) Version/4.0 Chrome/60.0.3112.107 Moblie Safari/537.36","themes_php"
"104.23.175.250","2025-11-16T08:04:17Z","/wp-content/themes/cakiltheme/up.php","Mozlila/5.0 (Linux; Android 7.0; SM-G892A Bulid/NRD90M; wv) AppleWebKit/537.36 (KHTML, like Gecko) Version/4.0 Chrome/60.0.3112.107 Moblie Safari/537.36","themes_php"
"172.68.242.33","2025-11-16T08:04:20Z","/wp-content/themes/cakiltheme/idx.php","Mozlila/5.0 (Linux; Android 7.0; SM-G892A Bulid/NRD90M; wv) AppleWebKit/537.36 (KHTML, like Gecko) Version/4.0 Chrome/60.0.3112.107 Moblie Safari/537.36","themes_php"
"172.71.124.182","2025-11-16T08:04:20Z","/wp-content/themes/cakiltheme/idx.php","Mozlila/5.0 (Linux; Android 7.0; SM-G892A Bulid/NRD90M; wv) AppleWebKit/537.36 (KHTML, like Gecko) Version/4.0 Chrome/60.0.3112.107 Moblie Safari/537.36","themes_php"
"162.158.106.155","2025-11-16T08:04:23Z","/wp-content/themes/wp-pridmag/status.php","Mozlila/5.0 (Linux; Android 7.0; SM-G892A Bulid/NRD90M; wv) AppleWebKit/537.36 (KHTML, like Gecko) Version/4.0 Chrome/60.0.3112.107 Moblie Safari/537.36","themes_php"
"162.158.189.134","2025-11-16T08:04:23Z","/wp-content/themes/wp-pridmag/status.php","Mozlila/5.0 (Linux; Android 7.0; SM-G892A Bulid/NRD90M; wv) AppleWebKit/537.36 (KHTML, like Gecko) Version/4.0 Chrome/60.0.3112.107 Moblie Safari/537.36","themes_php"
"172.71.152.52","2025-11-16T08:04:26Z","/wp-content/themes/wp-pridmag/up.php","Mozlila/5.0 (Linux; Android 7.0; SM-G892A Bulid/NRD90M; wv) AppleWebKit/537.36 (KHTML, like Gecko) Version/4.0 Chrome/60.0.3112.107 Moblie Safari/537.36","themes_php"
"108.162.226.141","2025-11-16T08:04:26Z","/wp-content/themes/wp-pridmag/up.php","Mozlila/5.0 (Linux; Android 7.0; SM-G892A Bulid/NRD90M; wv) AppleWebKit/537.36 (KHTML, like Gecko) Version/4.0 Chrome/60.0.3112.107 Moblie Safari/537.36","themes_php"
"172.68.242.33","2025-11-16T08:04:29Z","/wp-content/themes/wp-pridmag/init.php","Mozlila/5.0 (Linux; Android 7.0; SM-G892A Bulid/NRD90M; wv) AppleWebKit/537.36 (KHTML, like Gecko) Version/4.0 Chrome/60.0.3112.107 Moblie Safari/537.36","themes_php"
"162.158.106.155","2025-11-16T08:04:30Z","/wp-content/themes/wp-pridmag/init.php","Mozlila/5.0 (Linux; Android 7.0; SM-G892A Bulid/NRD90M; wv) AppleWebKit/537.36 (KHTML, like Gecko) Version/4.0 Chrome/60.0.3112.107 Moblie Safari/537.36","themes_php"
"172.68.164.118","2025-11-16T08:04:32Z","/wp-content/themes/rishi/doc.php","Mozlila/5.0 (Linux; Android 7.0; SM-G892A Bulid/NRD90M; wv) AppleWebKit/537.36 (KHTML, like Gecko) Version/4.0 Chrome/60.0.3112.107 Moblie Safari/537.36","themes_php"
"172.70.188.51","2025-11-16T08:04:32Z","/wp-content/themes/rishi/doc.php","Mozlila/5.0 (Linux; Android 7.0; SM-G892A Bulid/NRD90M; wv) AppleWebKit/537.36 (KHTML, like Gecko) Version/4.0 Chrome/60.0.3112.107 Moblie Safari/537.36","themes_php"
"104.23.175.251","2025-11-16T08:04:47Z","/wp-content/themes/rishi/db.php?u","Mozlila/5.0 (Linux; Android 7.0; SM-G892A Bulid/NRD90M; wv) AppleWebKit/537.36 (KHTML, like Gecko) Version/4.0 Chrome/60.0.3112.107 Moblie Safari/537.36","themes_php"
"172.68.242.33","2025-11-16T08:04:47Z","/wp-content/themes/rishi/db.php?u","Mozlila/5.0 (Linux; Android 7.0; SM-G892A Bulid/NRD90M; wv) AppleWebKit/537.36 (KHTML, like Gecko) Version/4.0 Chrome/60.0.3112.107 Moblie Safari/537.36","themes_php"
"172.68.242.33","2025-11-16T08:04:53Z","/wp-content/themes/pridmag/db.php?u","Mozlila/5.0 (Linux; Android 7.0; SM-G892A Bulid/NRD90M; wv) AppleWebKit/537.36 (KHTML, like Gecko) Version/4.0 Chrome/60.0.3112.107 Moblie Safari/537.36","themes_php"
"172.68.164.20","2025-11-16T08:04:53Z","/wp-content/themes/pridmag/db.php?u","Mozlila/5.0 (Linux; Android 7.0; SM-G892A Bulid/NRD90M; wv) AppleWebKit/537.36 (KHTML, like Gecko) Version/4.0 Chrome/60.0.3112.107 Moblie Safari/537.36","themes_php"
"172.70.208.128","2025-11-16T08:17:02Z","/wp-content/themes/twentytwentytwo/index.php","Mozlila/5.0 (Linux; Android 7.0; SM-G892A Bulid/NRD90M; wv) AppleWebKit/537.36 (KHTML, like Gecko) Version/4.0 Chrome/60.0.3112.107 Moblie Safari/537.36","themes_php"
"172.68.164.20","2025-11-16T08:17:03Z","/wp-content/themes/twentytwentytwo/index.php","Mozlila/5.0 (Linux; Android 7.0; SM-G892A Bulid/NRD90M; wv) AppleWebKit/537.36 (KHTML, like Gecko) Version/4.0 Chrome/60.0.3112.107 Moblie Safari/537.36","themes_php"
"172.70.92.182","2025-11-16T08:26:30Z","/wp-content/themes/twentytwentytwo/index.php","-","themes_php"
"162.158.108.50","2025-11-16T09:58:52Z","/wp-content/themes/pridmag/db.php?u","Mozilla/5.0 (Windows NT 10.0; Win64; x64) AppleWebKit/537.36 (KHTML, like Gecko) Chrome/79.0.3945.130 Safari/537.36","themes_php"
"162.158.108.51","2025-11-16T09:58:59Z","/wp-content/themes/classwithtostring.php","Mozilla/5.0 (Windows NT 10.0; WOW64) AppleWebKit/537.36 (KHTML, like Gecko) Chrome/72.0.3626.121 Safari/537.36","themes_php"
"172.71.81.222","2025-11-16T09:59:13Z","/wp-content/themes/tflow/up.php","Mozilla/5.0 (Windows NT 6.1; Win64; x64) AppleWebKit/537.36 (KHTML, like Gecko) Chrome/79.0.3945.130 Safari/537.36","themes_php"
"162.158.189.153","2025-11-16T09:59:20Z","/wp-content/themes/chosen.php","Mozilla/5.0 (Windows NT 10.0; Win64; x64; rv:71.0) Gecko/20100101 Firefox/71.0","themes_php"
"172.68.164.118","2025-11-16T09:59:21Z","/wp-content/themes/admin.php","Mozilla/5.0 (Windows NT 10.0; Win64; x64) AppleWebKit/537.36 (KHTML, like Gecko) Chrome/81.0.4044.129 Safari/537.36","themes_php"
"162.158.162.153","2025-11-16T09:59:36Z","/wp-content/themes/twentytwentythree/patterns/index.php","Mozilla/5.0 (Windows NT 10.0; Win64; x64; rv:75.0) Gecko/20100101 Firefox/75.0","themes_php"
"172.70.208.48","2025-11-16T09:59:50Z","/wp-content/themes/seotheme/mar.php","Mozilla/5.0 (Macintosh; Intel Mac OS X 10_15_6) AppleWebKit/537.36 (KHTML, like Gecko) Chrome/84.0.4147.125 Safari/537.36","themes_php"
"162.158.189.152","2025-11-16T09:59:52Z","/wp-content/themes/astra/inc/ki1k.php","Mozilla/5.0 (Windows NT 6.1; Win64; x64) AppleWebKit/537.36 (KHTML, like Gecko) Chrome/58.0.3029.110 Safari/537.3","themes_php"
"172.69.176.111","2025-11-16T09:59:52Z","/wp-content/themes/astra/inc/fm.php","Mozilla/5.0 (Windows NT 10.0; Win64; x64) AppleWebKit/537.36 (KHTML, like Gecko) Chrome/69.0.3497.100 Safari/537.36","themes_php"
"172.69.176.111","2025-11-16T09:59:53Z","/wp-content/themes/index.php","Mozilla/5.0 (Windows NT 10.0; Win64; x64) AppleWebKit/537.36 (KHTML, like Gecko) Chrome/79.0.3945.88 Safari/537.36","themes_php"
"172.70.208.49","2025-11-16T09:59:56Z","/wp-content/themes/twentytwentytwo/assets/fonts/index.php","Mozilla/5.0 (Windows NT 10.0; Win64; x64; rv:73.0) Gecko/20100101 Firefox/73.0","themes_php"
"108.162.227.93","2025-11-16T09:59:57Z","/wp-content/themes/twentyfive/include.php","Mozilla/5.0 (Macintosh; Intel Mac OS X 10.15; rv:79.0) Gecko/20100101 Firefox/79.0","themes_php"
"162.158.88.68","2025-11-16T10:00:03Z","/wp-content/themes/about.php","Mozilla/5.0 (Windows NT 10.0; Win64; x64; rv:77.0) Gecko/20100101 Firefox/77.0","themes_php"
"172.71.81.222","2025-11-16T10:00:03Z","/wp-content/themes/twentytwentytwo/index.php","Mozilla/5.0 (Linux x86_64; rv:79.0) Gecko/20100101 Firefox/79.0","themes_php"
"162.158.162.152","2025-11-16T10:00:15Z","/wp-content/themes/twentytwentyfour/about.php","Mozilla/5.0 (Windows NT 10.0; Win64; x64; rv:67.0) Gecko/20100101 Firefox/67.0","themes_php"
"162.158.88.68","2025-11-16T10:00:22Z","/wp-content/themes/twentytwentyfour/bypass.php","Mozilla/5.0 (Windows NT 10.0; Win64; x64) AppleWebKit/537.36 (KHTML, like Gecko) Chrome/75.0.3770.100 Safari/537.36","themes_php"
"162.158.162.153","2025-11-16T10:00:26Z","/wp-content/themes/hello-element/footer.php","Mozilla/5.0 (Windows NT 6.1; Win64; x64) AppleWebKit/537.36 (KHTML, like Gecko) Chrome/74.0.3729.169 Safari/537.36","themes_php"
"162.158.108.51","2025-11-16T10:00:35Z","/wp-content/themes/twentytwentyfour/wonder.php","Mozilla/5.0 (Windows NT 10.0; WOW64) AppleWebKit/537.36 (KHTML, like Gecko) Chrome/72.0.3626.121 Safari/537.36","themes_php"
"172.70.93.53","2025-11-16T10:00:39Z","/wp-content/themes/twentytwentyfour/system_cache.php","Mozilla/5.0 (X11; Ubuntu; Linux x86_64; rv:79.0) Gecko/20100101 Firefox/79.0","themes_php"
"108.162.227.93","2025-11-16T10:00:40Z","/wp-content/themes/sky-pro/js.php","Mozilla/5.0 (Windows NT 10.0; Win64; x64) AppleWebKit/537.36 (KHTML, like Gecko) Chrome/58.0.3029.110 Safari/537.3","themes_php"
"162.158.170.19","2025-11-16T10:00:40Z","/wp-content/themes/pridmag/waf_defender.php","Mozilla/5.0 (Windows NT 10.0; WOW64; Trident/7.0; .NET4.0C; .NET4.0E; .NET CLR 2.0.50727; .NET CLR 3.0.30729; .NET CLR 3.5.30729; rv:11.0) like Gecko","themes_php"
"162.158.88.68","2025-11-16T10:00:40Z","/wp-content/themes/twentytwentytwo/waf_defender.php","Mozilla/5.0 (Windows NT 10.0) AppleWebKit/537.36 (KHTML, like Gecko) Chrome/84.0.4147.105 Safari/537.36","themes_php"
"162.158.88.68","2025-11-16T10:00:47Z","/wp-content/themes/twentytwentyfour/functions.php","Mozilla/5.0 (X11; Fedora; Linux x86_64; rv:79.0) Gecko/20100101 Firefox/79.0","themes_php"
"172.69.166.57","2025-11-16T10:00:51Z","/wp-content/themes/aahana/worksec.php","Mozilla/5.0 (Windows NT 10.0; WOW64; Trident/7.0; .NET4.0C; .NET4.0E; .NET CLR 2.0.50727; .NET CLR 3.0.30729; .NET CLR 3.5.30729; rv:11.0) like Gecko","themes_php"
"162.158.189.152","2025-11-16T10:00:52Z","/wp-content/themes/bltm/wp-login.php","Mozilla/5.0 (Windows NT 10.0) AppleWebKit/537.36 (KHTML, like Gecko) Chrome/84.0.4147.105 Safari/537.36","themes_php"
"172.70.208.49","2025-11-16T10:00:54Z","/wp-content/themes/kadence/functions.php","Mozilla/5.0 (Windows NT 10.0; Win64; x64) AppleWebKit/537.36 (KHTML, like Gecko) Chrome/77.0.3865.90 Safari/537.36","themes_php"
"162.158.107.68","2025-11-16T10:00:59Z","/wp-content/themes/twentytwentyfour/content-index.php","Mozilla/5.0 (Windows NT 10.0; Win64; x64) AppleWebKit/537.36 (KHTML, like Gecko) Chrome/79.0.3945.79 Safari/537.36","themes_php"
"162.158.170.18","2025-11-16T10:01:20Z","/wp-content/themes/pridmag/db.php","Mozilla/5.0 (Windows NT 10.0; Win64; x64; rv:74.0) Gecko/20100101 Firefox/74.0","themes_php"
"172.69.176.110","2025-11-16T10:01:24Z","/wp-content/themes/twentytwentyfour/icascreenshots.php","Mozilla/5.0 (Windows NT 10.0; Win64; x64; rv:67.0) Gecko/20100101 Firefox/67.0","themes_php"
"172.71.124.29","2025-11-16T10:01:27Z","/wp-content/themes/tflow/admin-footer.php","Mozilla/5.0 (Windows NT 10.0; Win64; x64) AppleWebKit/537.36 (KHTML, like Gecko) Chrome/69.0.3497.100 Safari/537.36","themes_php"
"162.158.162.152","2025-11-16T10:01:30Z","/wp-content/themes/tflow/install.php","Mozilla/5.0 (Windows NT 10.0; Win64; x64) AppleWebKit/537.36 (KHTML, like Gecko) Chrome/83.0.4103.61 Safari/537.36","themes_php"
"162.158.189.152","2025-11-16T10:01:32Z","/wp-content/themes/twentytwentyfour/patterns/content-type.php","Mozilla/5.0 (X11; Linux x86_64) AppleWebKit/537.36 (KHTML, like Gecko) Chrome/84.0.4147.105 Safari/537.36 OPR/70.0.3728.95","themes_php"
"162.158.189.152","2025-11-16T10:01:38Z","/wp-content/themes/wp-pridmag/init.php","Mozilla/5.0 (Windows NT 10.0; WOW64; x64) AppleWebKit/537.36 (KHTML, like Gecko) Chrome/84.0.4147.105 Safari/537.36 OPR/70.0.3728.95","themes_php"
"172.70.93.53","2025-11-16T10:01:46Z","/wp-content/themes/twentytwentytwo/av.php","Mozilla/5.0 (X11; Ubuntu; Linux x86_64; rv:79.0) Gecko/20100101 Firefox/79.0","themes_php"
"162.158.189.152","2025-11-16T10:01:47Z","/wp-content/themes/av.php","Mozilla/5.0 (Windows NT 10.0; Win64; x64) AppleWebKit/537.36 (KHTML, like Gecko) Chrome/69.0.3497.100 Safari/537.36","themes_php"
"172.69.166.56","2025-11-16T10:01:49Z","/wp-content/themes/pridmag/bypass.php","Mozilla/5.0 (Windows NT 10.0; WOW64; Trident/7.0; .NET4.0C; .NET4.0E; .NET CLR 2.0.50727; .NET CLR 3.0.30729; .NET CLR 3.5.30729; rv:11.0) like Gecko","themes_php"
"172.69.166.56","2025-11-16T10:01:51Z","/wp-content/themes/av.php.php","Mozilla/5.0 (X11; Ubuntu; Linux x86_64; rv:79.0) Gecko/20100101 Firefox/79.0","themes_php"
"162.158.162.152","2025-11-16T10:01:54Z","/wp-content/themes/tflow/av.php","Mozilla/5.0 (X11; Linux x86_64) AppleWebKit/537.36 (KHTML, like Gecko) Chrome/84.0.4147.105 Safari/537.36","themes_php"
"172.69.166.56","2025-11-16T10:02:14Z","/wp-content/themes/pridmag/admin-footer.php","Mozilla/5.0 (Windows NT 10.0; Win64; x64) AppleWebKit/537.36 (KHTML, like Gecko) Chrome/83.0.4103.97 Safari/537.36","themes_php"
"172.70.208.49","2025-11-16T10:02:19Z","/wp-content/themes/twentytwentytwo/bypass.php","Mozilla/5.0 (Macintosh; Intel Mac OS X 10_15_6) AppleWebKit/537.36 (KHTML, like Gecko) Chrome/84.0.4147.105 Safari/537.36","themes_php"
"172.71.124.28","2025-11-16T10:02:20Z","/wp-content/themes/twentytwentyfour/install.php","Mozilla/5.0 (X11; Fedora; Linux x86_64; rv:79.0) Gecko/20100101 Firefox/79.0","themes_php"
"172.71.124.29","2025-11-16T10:02:24Z","/wp-content/themes/twentytwentytwo/as.php","Mozilla/5.0 (X11; Ubuntu; Linux x86_64; rv:79.0) Gecko/20100101 Firefox/79.0","themes_php"
"172.69.176.110","2025-11-16T10:02:28Z","/wp-content/themes/tflow/adminfus.php","Mozilla/5.0 (Windows NT 10.0; Win64; x64; rv:79.0) Gecko/20100101 Firefox/79.0","themes_php"
"108.162.227.93","2025-11-16T10:06:13Z","/wp-content/themes/alfacgiapi/index.php?bx=0e215962017","Mozilla/5.0 (Linux; Android 11; Redmi Note 9 Pro Build/RKQ1.200826.002; wv) AppleWebKit/537.36 (KHTML, like Gecko) Version/4.0 Chrome/90.0.4430.210 Mobile Safari/537.36","themes_php"
"162.158.107.68","2025-11-16T10:06:13Z","/wp-content/themes/alfacgiapi/radio.php?bx=0e215962017","Mozilla/5.0 (Linux; Android 11; Redmi Note 9 Pro Build/RKQ1.200826.002; wv) AppleWebKit/537.36 (KHTML, like Gecko) Version/4.0 Chrome/90.0.4430.210 Mobile Safari/537.36","themes_php"
"172.70.188.71","2025-11-16T10:06:13Z","/wp-content/themes/alfacgiapi/404.php?bx=0e215962017","Mozilla/5.0 (Linux; Android 11; Redmi Note 9 Pro Build/RKQ1.200826.002; wv) AppleWebKit/537.36 (KHTML, like Gecko) Version/4.0 Chrome/90.0.4430.210 Mobile Safari/537.36","themes_php"
"172.71.124.29","2025-11-16T10:06:17Z","/wp-content/themes/ALFA_DATA/alfacgiapi/index.php?bx=0e215962017","Mozilla/5.0 (Linux; Android 11; Redmi Note 9 Pro Build/RKQ1.200826.002; wv) AppleWebKit/537.36 (KHTML, like Gecko) Version/4.0 Chrome/90.0.4430.210 Mobile Safari/537.36","themes_php"
"104.23.175.75","2025-11-16T10:06:17Z","/wp-content/themes/ALFA_DATA/alfacgiapi/radio.php?bx=0e215962017","Mozilla/5.0 (Linux; Android 11; Redmi Note 9 Pro Build/RKQ1.200826.002; wv) AppleWebKit/537.36 (KHTML, like Gecko) Version/4.0 Chrome/90.0.4430.210 Mobile Safari/537.36","themes_php"
"108.162.227.93","2025-11-16T10:06:18Z","/wp-content/themes/ALFA_DATA/alfacgiapi/404.php?bx=0e215962017","Mozilla/5.0 (Linux; Android 11; Redmi Note 9 Pro Build/RKQ1.200826.002; wv) AppleWebKit/537.36 (KHTML, like Gecko) Version/4.0 Chrome/90.0.4430.210 Mobile Safari/537.36","themes_php"
"162.158.170.19","2025-11-16T10:08:23Z","/wp-content/themes/fitnessbase/dev.php","Mozlila/5.0 (Linux; Android 7.0; SM-G892A Bulid/NRD90M; wv) AppleWebKit/537.36 (KHTML, like Gecko) Version/4.0 Chrome/60.0.3112.107 Moblie Safari/537.36","themes_php"
"172.70.93.53","2025-11-16T10:08:24Z","/wp-content/themes/fitnessbase/dev.php","Mozlila/5.0 (Linux; Android 7.0; SM-G892A Bulid/NRD90M; wv) AppleWebKit/537.36 (KHTML, like Gecko) Version/4.0 Chrome/60.0.3112.107 Moblie Safari/537.36","themes_php"
"108.162.227.93","2025-11-16T10:08:25Z","/wp-content/themes/fitnessbase/crp.php","Mozlila/5.0 (Linux; Android 7.0; SM-G892A Bulid/NRD90M; wv) AppleWebKit/537.36 (KHTML, like Gecko) Version/4.0 Chrome/60.0.3112.107 Moblie Safari/537.36","themes_php"
"104.23.175.75","2025-11-16T10:08:26Z","/wp-content/themes/fitnessbase/crp.php","Mozlila/5.0 (Linux; Android 7.0; SM-G892A Bulid/NRD90M; wv) AppleWebKit/537.36 (KHTML, like Gecko) Version/4.0 Chrome/60.0.3112.107 Moblie Safari/537.36","themes_php"
"172.69.176.110","2025-11-16T10:08:34Z","/wp-content/themes/alera/alpha.php","Mozlila/5.0 (Linux; Android 7.0; SM-G892A Bulid/NRD90M; wv) AppleWebKit/537.36 (KHTML, like Gecko) Version/4.0 Chrome/60.0.3112.107 Moblie Safari/537.36","themes_php"
"172.70.188.70","2025-11-16T10:08:34Z","/wp-content/themes/alera/alpha.php","Mozlila/5.0 (Linux; Android 7.0; SM-G892A Bulid/NRD90M; wv) AppleWebKit/537.36 (KHTML, like Gecko) Version/4.0 Chrome/60.0.3112.107 Moblie Safari/537.36","themes_php"
"172.71.124.29","2025-11-16T10:09:36Z","/wp-content/themes/noriumportfolio/img_screen.php","Mozlila/5.0 (Linux; Android 7.0; SM-G892A Bulid/NRD90M; wv) AppleWebKit/537.36 (KHTML, like Gecko) Version/4.0 Chrome/60.0.3112.107 Moblie Safari/537.36","themes_php"
"108.162.227.93","2025-11-16T10:09:36Z","/wp-content/themes/noriumportfolio/img_screen.php","Mozlila/5.0 (Linux; Android 7.0; SM-G892A Bulid/NRD90M; wv) AppleWebKit/537.36 (KHTML, like Gecko) Version/4.0 Chrome/60.0.3112.107 Moblie Safari/537.36","themes_php"
"172.71.124.28","2025-11-16T10:09:37Z","/wp-content/themes/noriumportfolio/doc.php","Mozlila/5.0 (Linux; Android 7.0; SM-G892A Bulid/NRD90M; wv) AppleWebKit/537.36 (KHTML, like Gecko) Version/4.0 Chrome/60.0.3112.107 Moblie Safari/537.36","themes_php"
"162.158.189.152","2025-11-16T10:09:38Z","/wp-content/themes/noriumportfolio/doc.php","Mozlila/5.0 (Linux; Android 7.0; SM-G892A Bulid/NRD90M; wv) AppleWebKit/537.36 (KHTML, like Gecko) Version/4.0 Chrome/60.0.3112.107 Moblie Safari/537.36","themes_php"
"172.70.93.52","2025-11-16T10:09:38Z","/wp-content/themes/noriumportfolio/alpha.php","Mozlila/5.0 (Linux; Android 7.0; SM-G892A Bulid/NRD90M; wv) AppleWebKit/537.36 (KHTML, like Gecko) Version/4.0 Chrome/60.0.3112.107 Moblie Safari/537.36","themes_php"
"172.71.124.29","2025-11-16T10:09:39Z","/wp-content/themes/noriumportfolio/alpha.php","Mozlila/5.0 (Linux; Android 7.0; SM-G892A Bulid/NRD90M; wv) AppleWebKit/537.36 (KHTML, like Gecko) Version/4.0 Chrome/60.0.3112.107 Moblie Safari/537.36","themes_php"
"172.70.208.48","2025-11-16T10:09:40Z","/wp-content/themes/noriumportfolio/db.php?u","Mozlila/5.0 (Linux; Android 7.0; SM-G892A Bulid/NRD90M; wv) AppleWebKit/537.36 (KHTML, like Gecko) Version/4.0 Chrome/60.0.3112.107 Moblie Safari/537.36","themes_php"
"108.162.227.93","2025-11-16T10:09:40Z","/wp-content/themes/noriumportfolio/db.php?u","Mozlila/5.0 (Linux; Android 7.0; SM-G892A Bulid/NRD90M; wv) AppleWebKit/537.36 (KHTML, like Gecko) Version/4.0 Chrome/60.0.3112.107 Moblie Safari/537.36","themes_php"
"108.162.227.93","2025-11-16T10:09:41Z","/wp-content/themes/seotheme/db.php?u","Mozlila/5.0 (Linux; Android 7.0; SM-G892A Bulid/NRD90M; wv) AppleWebKit/537.36 (KHTML, like Gecko) Version/4.0 Chrome/60.0.3112.107 Moblie Safari/537.36","themes_php"
"172.70.188.71","2025-11-16T10:09:41Z","/wp-content/themes/seotheme/db.php?u","Mozlila/5.0 (Linux; Android 7.0; SM-G892A Bulid/NRD90M; wv) AppleWebKit/537.36 (KHTML, like Gecko) Version/4.0 Chrome/60.0.3112.107 Moblie Safari/537.36","themes_php"
"104.23.175.75","2025-11-16T10:09:42Z","/wp-content/themes/seotheme/mar.php","Mozlila/5.0 (Linux; Android 7.0; SM-G892A Bulid/NRD90M; wv) AppleWebKit/537.36 (KHTML, like Gecko) Version/4.0 Chrome/60.0.3112.107 Moblie Safari/537.36","themes_php"
"172.68.164.156","2025-11-16T10:09:43Z","/wp-content/themes/seotheme/mar.php","Mozlila/5.0 (Linux; Android 7.0; SM-G892A Bulid/NRD90M; wv) AppleWebKit/537.36 (KHTML, like Gecko) Version/4.0 Chrome/60.0.3112.107 Moblie Safari/537.36","themes_php"
"172.70.208.49","2025-11-16T10:09:44Z","/wp-content/themes/skatepark/alpha.php","Mozlila/5.0 (Linux; Android 7.0; SM-G892A Bulid/NRD90M; wv) AppleWebKit/537.36 (KHTML, like Gecko) Version/4.0 Chrome/60.0.3112.107 Moblie Safari/537.36","themes_php"
"172.70.188.70","2025-11-16T10:09:44Z","/wp-content/themes/skatepark/alpha.php","Mozlila/5.0 (Linux; Android 7.0; SM-G892A Bulid/NRD90M; wv) AppleWebKit/537.36 (KHTML, like Gecko) Version/4.0 Chrome/60.0.3112.107 Moblie Safari/537.36","themes_php"
"104.23.175.75","2025-11-16T10:09:45Z","/wp-content/themes/skatepark/img_screen.php","Mozlila/5.0 (Linux; Android 7.0; SM-G892A Bulid/NRD90M; wv) AppleWebKit/537.36 (KHTML, like Gecko) Version/4.0 Chrome/60.0.3112.107 Moblie Safari/537.36","themes_php"
"172.70.188.71","2025-11-16T10:09:45Z","/wp-content/themes/skatepark/img_screen.php","Mozlila/5.0 (Linux; Android 7.0; SM-G892A Bulid/NRD90M; wv) AppleWebKit/537.36 (KHTML, like Gecko) Version/4.0 Chrome/60.0.3112.107 Moblie Safari/537.36","themes_php"
"108.162.227.93","2025-11-16T10:09:46Z","/wp-content/themes/skatepark/db.php?u","Mozlila/5.0 (Linux; Android 7.0; SM-G892A Bulid/NRD90M; wv) AppleWebKit/537.36 (KHTML, like Gecko) Version/4.0 Chrome/60.0.3112.107 Moblie Safari/537.36","themes_php"
"162.158.189.153","2025-11-16T10:09:46Z","/wp-content/themes/skatepark/db.php?u","Mozlila/5.0 (Linux; Android 7.0; SM-G892A Bulid/NRD90M; wv) AppleWebKit/537.36 (KHTML, like Gecko) Version/4.0 Chrome/60.0.3112.107 Moblie Safari/537.36","themes_php"
"172.69.176.111","2025-11-16T10:09:48Z","/wp-content/themes/skatepark/doc.php","Mozlila/5.0 (Linux; Android 7.0; SM-G892A Bulid/NRD90M; wv) AppleWebKit/537.36 (KHTML, like Gecko) Version/4.0 Chrome/60.0.3112.107 Moblie Safari/537.36","themes_php"
"172.70.93.53","2025-11-16T10:09:48Z","/wp-content/themes/skatepark/doc.php","Mozlila/5.0 (Linux; Android 7.0; SM-G892A Bulid/NRD90M; wv) AppleWebKit/537.36 (KHTML, like Gecko) Version/4.0 Chrome/60.0.3112.107 Moblie Safari/537.36","themes_php"
"162.158.170.18","2025-11-16T10:09:50Z","/wp-content/themes/wp-pridmag/22x.php","Mozlila/5.0 (Linux; Android 7.0; SM-G892A Bulid/NRD90M; wv) AppleWebKit/537.36 (KHTML, like Gecko) Version/4.0 Chrome/60.0.3112.107 Moblie Safari/537.36","themes_php"
"172.70.208.49","2025-11-16T10:09:51Z","/wp-content/themes/wp-pridmag/22x.php","Mozlila/5.0 (Linux; Android 7.0; SM-G892A Bulid/NRD90M; wv) AppleWebKit/537.36 (KHTML, like Gecko) Version/4.0 Chrome/60.0.3112.107 Moblie Safari/537.36","themes_php"
"162.158.162.153","2025-11-16T10:09:56Z","/wp-content/themes/workart/db.php?u","Mozlila/5.0 (Linux; Android 7.0; SM-G892A Bulid/NRD90M; wv) AppleWebKit/537.36 (KHTML, like Gecko) Version/4.0 Chrome/60.0.3112.107 Moblie Safari/537.36","themes_php"
"172.70.208.49","2025-11-16T10:09:57Z","/wp-content/themes/workart/db.php?u","Mozlila/5.0 (Linux; Android 7.0; SM-G892A Bulid/NRD90M; wv) AppleWebKit/537.36 (KHTML, like Gecko) Version/4.0 Chrome/60.0.3112.107 Moblie Safari/537.36","themes_php"
"108.162.227.93","2025-11-16T10:10:08Z","/wp-content/themes/workart/doc.php","Mozlila/5.0 (Linux; Android 7.0; SM-G892A Bulid/NRD90M; wv) AppleWebKit/537.36 (KHTML, like Gecko) Version/4.0 Chrome/60.0.3112.107 Moblie Safari/537.36","themes_php"
"172.68.164.156","2025-11-16T10:10:09Z","/wp-content/themes/workart/doc.php","Mozlila/5.0 (Linux; Android 7.0; SM-G892A Bulid/NRD90M; wv) AppleWebKit/537.36 (KHTML, like Gecko) Version/4.0 Chrome/60.0.3112.107 Moblie Safari/537.36","themes_php"
"172.70.188.70","2025-11-16T10:10:11Z","/wp-content/themes/theme/gr.php","Mozlila/5.0 (Linux; Android 7.0; SM-G892A Bulid/NRD90M; wv) AppleWebKit/537.36 (KHTML, like Gecko) Version/4.0 Chrome/60.0.3112.107 Moblie Safari/537.36","themes_php"
"172.69.166.56","2025-11-16T10:10:11Z","/wp-content/themes/theme/gr.php","Mozlila/5.0 (Linux; Android 7.0; SM-G892A Bulid/NRD90M; wv) AppleWebKit/537.36 (KHTML, like Gecko) Version/4.0 Chrome/60.0.3112.107 Moblie Safari/537.36","themes_php"
"172.69.166.57","2025-11-16T10:10:13Z","/wp-content/themes/pridmag/init.php","Mozlila/5.0 (Linux; Android 7.0; SM-G892A Bulid/NRD90M; wv) AppleWebKit/537.36 (KHTML, like Gecko) Version/4.0 Chrome/60.0.3112.107 Moblie Safari/537.36","themes_php"
"172.71.81.221","2025-11-16T10:10:14Z","/wp-content/themes/pridmag/init.php","Mozlila/5.0 (Linux; Android 7.0; SM-G892A Bulid/NRD90M; wv) AppleWebKit/537.36 (KHTML, like Gecko) Version/4.0 Chrome/60.0.3112.107 Moblie Safari/537.36","themes_php"
"162.158.108.51","2025-11-16T10:10:16Z","/wp-content/themes/jobart/db.php?u","Mozlila/5.0 (Linux; Android 7.0; SM-G892A Bulid/NRD90M; wv) AppleWebKit/537.36 (KHTML, like Gecko) Version/4.0 Chrome/60.0.3112.107 Moblie Safari/537.36","themes_php"
"172.69.166.57","2025-11-16T10:10:17Z","/wp-content/themes/jobart/db.php?u","Mozlila/5.0 (Linux; Android 7.0; SM-G892A Bulid/NRD90M; wv) AppleWebKit/537.36 (KHTML, like Gecko) Version/4.0 Chrome/60.0.3112.107 Moblie Safari/537.36","themes_php"
"104.23.175.74","2025-11-16T10:10:18Z","/wp-content/themes/jobart/doc.php","Mozlila/5.0 (Linux; Android 7.0; SM-G892A Bulid/NRD90M; wv) AppleWebKit/537.36 (KHTML, like Gecko) Version/4.0 Chrome/60.0.3112.107 Moblie Safari/537.36","themes_php"
"172.69.166.56","2025-11-16T10:10:18Z","/wp-content/themes/jobart/doc.php","Mozlila/5.0 (Linux; Android 7.0; SM-G892A Bulid/NRD90M; wv) AppleWebKit/537.36 (KHTML, like Gecko) Version/4.0 Chrome/60.0.3112.107 Moblie Safari/537.36","themes_php"
"162.158.108.51","2025-11-16T10:10:20Z","/wp-content/themes/cepair/doc.php","Mozlila/5.0 (Linux; Android 7.0; SM-G892A Bulid/NRD90M; wv) AppleWebKit/537.36 (KHTML, like Gecko) Version/4.0 Chrome/60.0.3112.107 Moblie Safari/537.36","themes_php"
"172.69.176.110","2025-11-16T10:10:20Z","/wp-content/themes/cepair/doc.php","Mozlila/5.0 (Linux; Android 7.0; SM-G892A Bulid/NRD90M; wv) AppleWebKit/537.36 (KHTML, like Gecko) Version/4.0 Chrome/60.0.3112.107 Moblie Safari/537.36","themes_php"
"172.71.124.29","2025-11-16T10:10:22Z","/wp-content/themes/cakiltheme/up.php","Mozlila/5.0 (Linux; Android 7.0; SM-G892A Bulid/NRD90M; wv) AppleWebKit/537.36 (KHTML, like Gecko) Version/4.0 Chrome/60.0.3112.107 Moblie Safari/537.36","themes_php"
"172.69.166.56","2025-11-16T10:10:23Z","/wp-content/themes/cakiltheme/up.php","Mozlila/5.0 (Linux; Android 7.0; SM-G892A Bulid/NRD90M; wv) AppleWebKit/537.36 (KHTML, like Gecko) Version/4.0 Chrome/60.0.3112.107 Moblie Safari/537.36","themes_php"
"172.70.208.49","2025-11-16T10:10:25Z","/wp-content/themes/cakiltheme/idx.php","Mozlila/5.0 (Linux; Android 7.0; SM-G892A Bulid/NRD90M; wv) AppleWebKit/537.36 (KHTML, like Gecko) Version/4.0 Chrome/60.0.3112.107 Moblie Safari/537.36","themes_php"
"172.71.81.221","2025-11-16T10:10:25Z","/wp-content/themes/cakiltheme/idx.php","Mozlila/5.0 (Linux; Android 7.0; SM-G892A Bulid/NRD90M; wv) AppleWebKit/537.36 (KHTML, like Gecko) Version/4.0 Chrome/60.0.3112.107 Moblie Safari/537.36","themes_php"
"172.71.81.221","2025-11-16T10:10:26Z","/wp-content/themes/wp-pridmag/status.php","Mozlila/5.0 (Linux; Android 7.0; SM-G892A Bulid/NRD90M; wv) AppleWebKit/537.36 (KHTML, like Gecko) Version/4.0 Chrome/60.0.3112.107 Moblie Safari/537.36","themes_php"
"162.158.170.18","2025-11-16T10:10:26Z","/wp-content/themes/wp-pridmag/status.php","Mozlila/5.0 (Linux; Android 7.0; SM-G892A Bulid/NRD90M; wv) AppleWebKit/537.36 (KHTML, like Gecko) Version/4.0 Chrome/60.0.3112.107 Moblie Safari/537.36","themes_php"
"172.70.93.53","2025-11-16T10:10:27Z","/wp-content/themes/wp-pridmag/up.php","Mozlila/5.0 (Linux; Android 7.0; SM-G892A Bulid/NRD90M; wv) AppleWebKit/537.36 (KHTML, like Gecko) Version/4.0 Chrome/60.0.3112.107 Moblie Safari/537.36","themes_php"
"162.158.170.18","2025-11-16T10:10:27Z","/wp-content/themes/wp-pridmag/up.php","Mozlila/5.0 (Linux; Android 7.0; SM-G892A Bulid/NRD90M; wv) AppleWebKit/537.36 (KHTML, like Gecko) Version/4.0 Chrome/60.0.3112.107 Moblie Safari/537.36","themes_php"
"172.69.176.110","2025-11-16T10:10:28Z","/wp-content/themes/wp-pridmag/init.php","Mozlila/5.0 (Linux; Android 7.0; SM-G892A Bulid/NRD90M; wv) AppleWebKit/537.36 (KHTML, like Gecko) Version/4.0 Chrome/60.0.3112.107 Moblie Safari/537.36","themes_php"
"162.158.162.153","2025-11-16T10:10:28Z","/wp-content/themes/wp-pridmag/init.php","Mozlila/5.0 (Linux; Android 7.0; SM-G892A Bulid/NRD90M; wv) AppleWebKit/537.36 (KHTML, like Gecko) Version/4.0 Chrome/60.0.3112.107 Moblie Safari/537.36","themes_php"
"172.70.93.52","2025-11-16T10:10:29Z","/wp-content/themes/rishi/doc.php","Mozlila/5.0 (Linux; Android 7.0; SM-G892A Bulid/NRD90M; wv) AppleWebKit/537.36 (KHTML, like Gecko) Version/4.0 Chrome/60.0.3112.107 Moblie Safari/537.36","themes_php"
"172.68.164.156","2025-11-16T10:10:29Z","/wp-content/themes/rishi/doc.php","Mozlila/5.0 (Linux; Android 7.0; SM-G892A Bulid/NRD90M; wv) AppleWebKit/537.36 (KHTML, like Gecko) Version/4.0 Chrome/60.0.3112.107 Moblie Safari/537.36","themes_php"
"104.23.175.75","2025-11-16T10:10:33Z","/wp-content/themes/rishi/db.php?u","Mozlila/5.0 (Linux; Android 7.0; SM-G892A Bulid/NRD90M; wv) AppleWebKit/537.36 (KHTML, like Gecko) Version/4.0 Chrome/60.0.3112.107 Moblie Safari/537.36","themes_php"
"172.70.188.71","2025-11-16T10:10:34Z","/wp-content/themes/rishi/db.php?u","Mozlila/5.0 (Linux; Android 7.0; SM-G892A Bulid/NRD90M; wv) AppleWebKit/537.36 (KHTML, like Gecko) Version/4.0 Chrome/60.0.3112.107 Moblie Safari/537.36","themes_php"
"162.158.107.68","2025-11-16T10:10:37Z","/wp-content/themes/pridmag/db.php?u","Mozlila/5.0 (Linux; Android 7.0; SM-G892A Bulid/NRD90M; wv) AppleWebKit/537.36 (KHTML, like Gecko) Version/4.0 Chrome/60.0.3112.107 Moblie Safari/537.36","themes_php"
"172.69.176.110","2025-11-16T10:10:37Z","/wp-content/themes/pridmag/db.php?u","Mozlila/5.0 (Linux; Android 7.0; SM-G892A Bulid/NRD90M; wv) AppleWebKit/537.36 (KHTML, like Gecko) Version/4.0 Chrome/60.0.3112.107 Moblie Safari/537.36","themes_php"
"172.69.176.111","2025-11-16T10:15:33Z","/wp-content/themes/twentytwentytwo/index.php","Mozlila/5.0 (Linux; Android 7.0; SM-G892A Bulid/NRD90M; wv) AppleWebKit/537.36 (KHTML, like Gecko) Version/4.0 Chrome/60.0.3112.107 Moblie Safari/537.36","themes_php"
"162.158.189.152","2025-11-16T10:15:34Z","/wp-content/themes/twentytwentytwo/index.php","Mozlila/5.0 (Linux; Android 7.0; SM-G892A Bulid/NRD90M; wv) AppleWebKit/537.36 (KHTML, like Gecko) Version/4.0 Chrome/60.0.3112.107 Moblie Safari/537.36","themes_php"
"172.71.81.168","2025-11-16T10:23:57Z","/wp-content/themes/twentyfive/include.php","-","themes_php"
"162.158.108.94","2025-11-16T10:23:57Z","/wp-content/themes/twentyseventeen/page/index.php?p=","-","themes_php"
"172.71.81.168","2025-11-16T10:23:58Z","/wp-content/themes/pridmag/db.php?u","-","themes_php"
"172.70.189.163","2025-11-16T10:23:59Z","/wp-content/themes/seotheme/mar.php","-","themes_php"
"172.70.189.163","2025-11-16T10:23:59Z","/wp-content/themes/seotheme/db.php?u","-","themes_php"
"162.158.88.170","2025-11-16T10:24:14Z","/wp-content/themes/about.php","-","themes_php"
"108.162.226.31","2025-11-16T10:24:16Z","/wp-content/themes/travel/issue.php","-","themes_php"
"172.70.93.115","2025-11-16T10:24:16Z","/wp-content/themes/travelscape/json.php","-","themes_php"
"172.70.143.211","2025-11-16T10:58:13Z","//wp-content/themes/calmly/issue.php","Go-http-client/2.0","themes_php"
"172.70.143.211","2025-11-16T10:58:26Z","//wp-content/themes/index.php","Go-http-client/2.0","themes_php"
"172.70.93.95","2025-11-16T10:58:36Z","//wp-content/themes/admin.php","Go-http-client/2.0","themes_php"
"104.23.175.251","2025-11-16T10:58:38Z","//wp-content/themes/Divi/404.php","Go-http-client/2.0","themes_php"
"162.158.190.34","2025-11-16T10:58:40Z","//wp-content/themes/pwnd-themes/archive.php","Go-http-client/2.0","themes_php"
"162.158.106.49","2025-11-16T10:58:48Z","//wp-content/themes/twenty/twenty.php","Go-http-client/2.0","themes_php"
"162.158.108.50","2025-11-16T10:58:56Z","//wp-content/themes/pridmag/db.php?u","Go-http-client/2.0","themes_php"
"162.158.106.49","2025-11-16T10:58:59Z","//wp-content/themes/newsfeed-theme/bbh.php","Go-http-client/2.0","themes_php"
"172.71.81.196","2025-11-16T10:59:20Z","//wp-content/themes/aahana/json.php","Go-http-client/2.0","themes_php"
"172.70.93.95","2025-11-16T10:59:22Z","//wp-content/themes/deeto/login.php","Go-http-client/2.0","themes_php"
"108.162.226.173","2025-11-16T10:59:24Z","//wp-content/themes/seotheme/db.php?u","Go-http-client/2.0","themes_php"
"172.69.176.75","2025-11-16T10:59:29Z","//wp-content/themes/about.php","Go-http-client/2.0","themes_php"
"172.71.81.196","2025-11-16T10:59:58Z","//wp-content/themes/seotheme/mar.php","Go-http-client/2.0","themes_php"
"162.158.163.238","2025-11-16T11:00:13Z","//wp-content/themes/bbpress/pridmag/uploads/rcc.php","Go-http-client/2.0","themes_php"
"172.70.189.50","2025-11-16T11:00:15Z","//wp-content/themes/twentytwentythree/patterns/index.php","Go-http-client/2.0","themes_php"
"172.69.176.75","2025-11-16T11:00:34Z","//wp-content/themes/theme-check/theme-check.php","Go-http-client/2.0","themes_php"
"172.70.208.48","2025-11-16T11:01:43Z","/wp-content/themes/pridmag/db.php?u","Mozilla/5.0 (Windows NT 10.0; Win64; x64) AppleWebKit/537.36 (KHTML, like Gecko) Chrome/80.0.3987.149 Safari/537.36","themes_php"
"172.70.93.52","2025-11-16T11:01:47Z","/wp-content/themes/classwithtostring.php","Mozilla/5.0 (X11; Linux x86_64) AppleWebKit/537.36 (KHTML, like Gecko) Chrome/84.0.4147.105 Safari/537.36 OPR/70.0.3728.95","themes_php"
"162.158.189.152","2025-11-16T11:02:00Z","/wp-content/themes/tflow/up.php","Mozilla/5.0 (compatible; MSIE 10.0; Windows NT 6.1; Trident/6.0)","themes_php"
"172.70.208.48","2025-11-16T11:02:07Z","/wp-content/themes/chosen.php","Mozilla/5.0 (Windows NT 10.0; WOW64) AppleWebKit/537.36 (KHTML, like Gecko) Chrome/84.0.4147.105 Safari/537.36","themes_php"
"162.158.107.68","2025-11-16T11:02:08Z","/wp-content/themes/admin.php","Mozilla/5.0 (Windows NT 6.3; Win64; x64; rv:73.0) Gecko/20100101 Firefox/73.0","themes_php"
"172.71.124.29","2025-11-16T11:02:19Z","/wp-content/themes/twentytwentythree/patterns/index.php","Mozilla/5.0 (Windows NT 10.0; Win64; x64) AppleWebKit/537.36 (KHTML, like Gecko) Chrome/79.0.3945.130 Safari/537.36","themes_php"
"172.71.81.221","2025-11-16T11:02:38Z","/wp-content/themes/seotheme/mar.php","Mozilla/5.0 (Linux x86_64; rv:79.0) Gecko/20100101 Firefox/79.0","themes_php"
"172.69.176.111","2025-11-16T11:02:40Z","/wp-content/themes/astra/inc/ki1k.php","Mozilla/5.0 (Windows NT 10.0; Win64; x64) AppleWebKit/537.36 (KHTML, like Gecko) Chrome/83.0.4103.97 Safari/537.36","themes_php"
"162.158.88.69","2025-11-16T11:02:40Z","/wp-content/themes/astra/inc/fm.php","Mozilla/5.0 (X11; Linux x86_64) AppleWebKit/537.36 (KHTML, like Gecko) Chrome/84.0.4147.105 Safari/537.36","themes_php"
"172.68.164.119","2025-11-16T11:02:41Z","/wp-content/themes/index.php","Mozilla/5.0 (Windows NT 10.0; Win64; x64) AppleWebKit/537.36 (KHTML, like Gecko) Chrome/83.0.4103.97 Safari/537.36","themes_php"
"172.70.188.71","2025-11-16T11:02:44Z","/wp-content/themes/twentytwentytwo/assets/fonts/index.php","Mozilla/5.0 (Windows NT 10.0; Win64; x64; rv:67.0) Gecko/20100101 Firefox/67.0","themes_php"
"162.158.170.19","2025-11-16T11:02:46Z","/wp-content/themes/twentyfive/include.php","Mozilla/5.0 (Windows NT 10.0; Win64; x64; rv:75.0) Gecko/20100101 Firefox/75.0","themes_php"
"108.162.227.94","2025-11-16T11:02:51Z","/wp-content/themes/about.php","Mozilla/5.0 (Windows NT 10.0; Win64; x64) AppleWebKit/537.36 (KHTML, like Gecko) Chrome/79.0.3945.88 Safari/537.36","themes_php"
"172.71.81.221","2025-11-16T11:02:51Z","/wp-content/themes/twentytwentytwo/index.php","Mozilla/5.0 (Windows NT 10.0) AppleWebKit/537.36 (KHTML, like Gecko) Chrome/84.0.4147.105 Safari/537.36","themes_php"
"162.158.106.76","2025-11-16T11:22:40Z","/wp-content/themes/twentyfive/include.php","-","themes_php"
"162.158.106.76","2025-11-16T11:22:41Z","/wp-content/themes/twentyseventeen/page/index.php?p=","-","themes_php"
"162.158.106.77","2025-11-16T11:22:42Z","/wp-content/themes/pridmag/db.php?u","-","themes_php"
"162.158.106.76","2025-11-16T11:22:43Z","/wp-content/themes/seotheme/mar.php","-","themes_php"
"162.158.106.76","2025-11-16T11:22:44Z","/wp-content/themes/seotheme/db.php?u","-","themes_php"
"162.158.106.77","2025-11-16T11:22:52Z","/wp-content/themes/about.php","-","themes_php"
"162.158.106.77","2025-11-16T11:22:53Z","/wp-content/themes/travel/issue.php","-","themes_php"
"162.158.106.76","2025-11-16T11:22:53Z","/wp-content/themes/travelscape/json.php","-","themes_php"
"162.158.162.152","2025-11-16T11:42:02Z","/wp-content/themes/twentytwentythree/patterns/index.php","Mozlila/5.0 (Linux; Android 7.0; SM-G892A Bulid/NRD90M; wv) AppleWebKit/537.36 (KHTML, like Gecko) Version/4.0 Chrome/60.0.3112.107 Moblie Safari/537.36Team Anon Force","themes_php"
"162.158.108.44","2025-11-16T12:38:02Z","/wp-content/themes/alera/alpha.php","Mozilla/5.0 (Linux; Android 7.0; SM-G892A Build/NRD90M; wv) AppleWebKit/537.36 (KHTML, like Gecko) Version/4.0 Chrome/60.0.3112.107 Mobile Safari/537.36","themes_php"
"108.162.227.93","2025-11-16T13:17:41Z","/wp-content/themes/alera/alpha.php","Mozlila/5.0 (Linux; Android 7.0; SM-G892A Bulid/NRD90M; wv) AppleWebKit/537.36 (KHTML, like Gecko) Version/4.0 Chrome/60.0.3112.107 Moblie Safari/537.36","themes_php"
"162.158.108.51","2025-11-16T13:17:42Z","/wp-content/themes/alera/alpha.php","Mozlila/5.0 (Linux; Android 7.0; SM-G892A Bulid/NRD90M; wv) AppleWebKit/537.36 (KHTML, like Gecko) Version/4.0 Chrome/60.0.3112.107 Moblie Safari/537.36","themes_php"
"172.69.176.103","2025-11-16T14:18:01Z","/wp-content/themes/alera/alpha.php","Mozilla/5.0 (Linux; Android 7.0; SM-G892A Build/NRD90M; wv) AppleWebKit/537.36 (KHTML, like Gecko) Version/4.0 Chrome/60.0.3112.107 Mobile Safari/537.36","themes_php"
"172.69.176.8","2025-11-16T15:03:44Z","/wp-content/themes/pridmag/db.php?u","Mozilla/5.0 (X11; Linux x86_64) AppleWebKit/537.36 (KHTML, like Gecko) Chrome/84.0.4147.105 Safari/537.36 OPR/70.0.3728.95","themes_php"
"172.69.176.8","2025-11-16T15:03:46Z","/wp-content/themes/classwithtostring.php","Mozilla/5.0 (compatible; MSIE 10.0; Windows NT 6.1; Trident/6.0)","themes_php"
"172.69.176.8","2025-11-16T15:03:56Z","/wp-content/themes/tflow/up.php","Mozilla/5.0 (Windows NT 6.1; Win64; x64) AppleWebKit/537.36 (KHTML, like Gecko) Chrome/80.0.3987.149 Safari/537.36","themes_php"
"172.69.176.8","2025-11-16T15:03:59Z","/wp-content/themes/chosen.php","Mozilla/5.0 (Windows NT 10.0; Win64; x64) AppleWebKit/537.36 (KHTML, like Gecko) Chrome/80.0.3987.149 Safari/537.36","themes_php"
"172.69.176.8","2025-11-16T15:03:59Z","/wp-content/themes/admin.php","Mozilla/5.0 (Windows NT 10.0; WOW64) AppleWebKit/537.36 (KHTML, like Gecko) Chrome/72.0.3626.121 Safari/537.36","themes_php"
"172.69.176.8","2025-11-16T15:04:04Z","/wp-content/themes/twentytwentythree/patterns/index.php","Mozilla/5.0 (Windows NT 10.0; Win64; x64; rv:66.0) Gecko/20100101 Firefox/66.0","themes_php"
"172.69.176.8","2025-11-16T15:04:12Z","/wp-content/themes/seotheme/mar.php","Mozilla/5.0 (Windows NT 6.1; Win64; x64) AppleWebKit/537.36 (KHTML, like Gecko) Chrome/74.0.3729.169 Safari/537.36","themes_php"
"172.69.176.8","2025-11-16T15:04:12Z","/wp-content/themes/astra/inc/ki1k.php","Mozilla/5.0 (Windows NT 10.0; WOW64; x64) AppleWebKit/537.36 (KHTML, like Gecko) Chrome/84.0.4147.105 Safari/537.36 OPR/70.0.3728.95","themes_php"
"172.69.176.8","2025-11-16T15:04:12Z","/wp-content/themes/astra/inc/fm.php","Mozilla/5.0 (Windows NT 10.0; Win64; x64) AppleWebKit/537.36 (KHTML, like Gecko) Chrome/70.0.3538.77 Safari/537.36","themes_php"
"172.69.176.8","2025-11-16T15:04:12Z","/wp-content/themes/index.php","Mozilla/5.0 (Windows NT 10.0; Win64; x64) AppleWebKit/537.36 (KHTML, like Gecko) Chrome/84.0.4147.105 Safari/537.36","themes_php"
"172.69.176.8","2025-11-16T15:04:14Z","/wp-content/themes/twentytwentytwo/assets/fonts/index.php","Mozilla/5.0 (Windows NT 10.0; Win64; x64; rv:79.0) Gecko/20100101 Firefox/79.0","themes_php"
"172.69.176.8","2025-11-16T15:04:14Z","/wp-content/themes/twentyfive/include.php","Mozilla/5.0 (Windows NT 10.0; Win64; x64) AppleWebKit/537.36 (KHTML, like Gecko) Chrome/70.0.3538.77 Safari/537.36","themes_php"
"172.69.176.8","2025-11-16T15:04:16Z","/wp-content/themes/about.php","Mozilla/5.0 (Macintosh; Intel Mac OS X 10_12_6) AppleWebKit/537.36 (KHTML, like Gecko) Chrome/58.0.3029.110 Safari/537.3","themes_php"
"172.69.176.8","2025-11-16T15:04:16Z","/wp-content/themes/twentytwentytwo/index.php","Mozilla/5.0 (Windows NT 10.0; Win64; x64) AppleWebKit/537.36 (KHTML, like Gecko) Chrome/77.0.3865.90 Safari/537.36","themes_php"
"172.69.176.8","2025-11-16T15:04:21Z","/wp-content/themes/twentytwentyfour/about.php","Mozilla/5.0 (Windows NT 10.0; WOW64; x64) AppleWebKit/537.36 (KHTML, like Gecko) Chrome/84.0.4147.105 Safari/537.36 OPR/70.0.3728.95","themes_php"
"172.69.176.8","2025-11-16T15:04:23Z","/wp-content/themes/twentytwentyfour/bypass.php","Mozilla/5.0 (Windows NT 10.0; Win64; x64) AppleWebKit/537.36 (KHTML, like Gecko) Chrome/70.0.3538.77 Safari/537.36","themes_php"
"172.69.176.8","2025-11-16T15:04:24Z","/wp-content/themes/hello-element/footer.php","Mozilla/5.0 (Windows NT 10.0; Win64; x64) AppleWebKit/537.36 (KHTML, like Gecko) Chrome/83.0.4103.97 Safari/537.36","themes_php"
"172.69.176.8","2025-11-16T15:04:28Z","/wp-content/themes/twentytwentyfour/wonder.php","Mozilla/5.0 (Windows NT 6.1; Win64; x64) AppleWebKit/537.36 (KHTML, like Gecko) Chrome/80.0.3987.149 Safari/537.36","themes_php"
"172.69.176.8","2025-11-16T15:04:29Z","/wp-content/themes/twentytwentyfour/system_cache.php","Mozilla/5.0 (Windows NT 10.0; Win64; x64; rv:73.0) Gecko/20100101 Firefox/73.0","themes_php"
"172.69.176.8","2025-11-16T15:04:29Z","/wp-content/themes/sky-pro/js.php","Mozilla/5.0 (Windows NT 10.0; WOW64; Trident/7.0; .NET4.0C; .NET4.0E; .NET CLR 2.0.50727; .NET CLR 3.0.30729; .NET CLR 3.5.30729; rv:11.0) like Gecko","themes_php"
"172.69.176.8","2025-11-16T15:04:29Z","/wp-content/themes/pridmag/waf_defender.php","Mozilla/5.0 (Windows NT 10.0; Win64; x64) AppleWebKit/537.36 (KHTML, like Gecko) Chrome/74.0.3729.157 Safari/537.36","themes_php"
"172.69.176.8","2025-11-16T15:04:30Z","/wp-content/themes/twentytwentytwo/waf_defender.php","Mozilla/5.0 (Macintosh; Intel Mac OS X 10_15_6) AppleWebKit/537.36 (KHTML, like Gecko) Chrome/84.0.4147.105 Safari/537.36 OPR/70.0.3728.95","themes_php"
"172.69.176.8","2025-11-16T15:04:34Z","/wp-content/themes/twentytwentyfour/functions.php","Mozilla/5.0 (Windows NT 10.0; WOW64; x64) AppleWebKit/537.36 (KHTML, like Gecko) Chrome/84.0.4147.105 Safari/537.36 OPR/70.0.3728.95","themes_php"
"172.69.176.8","2025-11-16T15:04:35Z","/wp-content/themes/aahana/worksec.php","Mozilla/5.0 (Windows NT 10.0; WOW64) AppleWebKit/537.36 (KHTML, like Gecko) Chrome/84.0.4147.105 Safari/537.36","themes_php"
"172.69.176.8","2025-11-16T15:04:35Z","/wp-content/themes/bltm/wp-login.php","Mozilla/5.0 (Windows NT 10.0; WOW64) AppleWebKit/537.36 (KHTML, like Gecko) Chrome/72.0.3626.121 Safari/537.36","themes_php"
"172.69.176.8","2025-11-16T15:04:36Z","/wp-content/themes/kadence/functions.php","Mozilla/5.0 (Windows NT 10.0; Win64; x64) AppleWebKit/537.36 (KHTML, like Gecko) Chrome/77.0.3865.90 Safari/537.36","themes_php"
"172.69.176.8","2025-11-16T15:04:38Z","/wp-content/themes/twentytwentyfour/content-index.php","Mozilla/5.0 (Windows NT 10.0; WOW64) AppleWebKit/537.36 (KHTML, like Gecko) Chrome/72.0.3626.121 Safari/537.36","themes_php"
"172.69.176.8","2025-11-16T15:04:51Z","/wp-content/themes/pridmag/db.php","Mozilla/5.0 (X11; Ubuntu; Linux x86_64; rv:79.0) Gecko/20100101 Firefox/79.0","themes_php"
"172.69.176.8","2025-11-16T15:04:53Z","/wp-content/themes/twentytwentyfour/icascreenshots.php","Mozilla/5.0 (Macintosh; Intel Mac OS X 10_15_6) AppleWebKit/537.36 (KHTML, like Gecko) Chrome/84.0.4147.105 Safari/537.36 OPR/70.0.3728.95","themes_php"
"172.69.176.8","2025-11-16T15:04:54Z","/wp-content/themes/tflow/admin-footer.php","Mozilla/5.0 (Windows NT 10.0; Win64; x64) AppleWebKit/537.36 (KHTML, like Gecko) Chrome/80.0.3987.149 Safari/537.36","themes_php"
"172.69.176.8","2025-11-16T15:04:56Z","/wp-content/themes/tflow/install.php","Mozilla/5.0 (compatible; MSIE 10.0; Windows NT 6.1; Trident/6.0)","themes_php"
"172.69.176.8","2025-11-16T15:04:58Z","/wp-content/themes/twentytwentyfour/patterns/content-type.php","Mozilla/5.0 (Windows NT 10.0; Win64; x64; rv:77.0) Gecko/20100101 Firefox/77.0","themes_php"
"172.69.176.8","2025-11-16T15:05:03Z","/wp-content/themes/wp-pridmag/init.php","Mozilla/5.0 (Macintosh; Intel Mac OS X 10_12_6) AppleWebKit/537.36 (KHTML, like Gecko) Chrome/58.0.3029.110 Safari/537.3","themes_php"
"172.69.176.8","2025-11-16T15:05:06Z","/wp-content/themes/twentytwentytwo/av.php","Mozilla/5.0 (Windows NT 10.0) AppleWebKit/537.36 (KHTML, like Gecko) Chrome/72.0.3626.121 Safari/537.36","themes_php"
"172.69.176.8","2025-11-16T15:05:06Z","/wp-content/themes/av.php","Mozilla/5.0 (Windows NT 10.0; Win64; x64; rv:74.0) Gecko/20100101 Firefox/74.0","themes_php"
"172.69.176.8","2025-11-16T15:05:07Z","/wp-content/themes/pridmag/bypass.php","Mozilla/5.0 (Windows NT 10.0; Win64; x64; rv:77.0) Gecko/20100101 Firefox/77.0","themes_php"
"172.69.176.8","2025-11-16T15:05:08Z","/wp-content/themes/av.php.php","Mozilla/5.0 (Macintosh; Intel Mac OS X 10_15_6) AppleWebKit/537.36 (KHTML, like Gecko) Chrome/84.0.4147.105 Safari/537.36","themes_php"
"172.69.176.8","2025-11-16T15:05:09Z","/wp-content/themes/tflow/av.php","Mozilla/5.0 (Windows NT 10.0; Win64; x64; rv:73.0) Gecko/20100101 Firefox/73.0","themes_php"
"172.69.176.8","2025-11-16T15:05:17Z","/wp-content/themes/pridmag/admin-footer.php","Mozilla/5.0 (Windows NT 10.0; Win64; x64; rv:66.0) Gecko/20100101 Firefox/66.0","themes_php"
"172.69.176.8","2025-11-16T15:05:18Z","/wp-content/themes/twentytwentytwo/bypass.php","Mozilla/5.0 (Macintosh; Intel Mac OS X 10_12_6) AppleWebKit/537.36 (KHTML, like Gecko) Chrome/58.0.3029.110 Safari/537.3","themes_php"
"172.69.176.8","2025-11-16T15:05:18Z","/wp-content/themes/twentytwentyfour/install.php","Mozilla/5.0 (Windows NT 10.0; Win64; x64) AppleWebKit/537.36 (KHTML, like Gecko) Chrome/81.0.4044.129 Safari/537.36","themes_php"
"172.69.176.8","2025-11-16T15:05:19Z","/wp-content/themes/twentytwentytwo/as.php","Mozilla/5.0 (Windows NT 10.0; Win64; x64; rv:73.0) Gecko/20100101 Firefox/73.0","themes_php"
"172.69.176.8","2025-11-16T15:05:20Z","/wp-content/themes/tflow/adminfus.php","Mozilla/5.0 (X11; Linux i686; rv:79.0) Gecko/20100101 Firefox/79.0","themes_php"
"172.70.208.135","2025-11-16T15:05:59Z","/wp-content/themes/","Mozilla/5.0 (X11; Linux x86_64) AppleWebKit/537.36 (KHTML, like Gecko) Chrome/84.0.4147.105 Safari/537.36 OPR/70.0.3728.95","themes_php"
"172.70.189.50","2025-11-16T16:29:13Z","/wp-content/themes/bltm/wp-login.php","Mozilla/5.0 (Linux; Android 11; M2010J19SI) AppleWebKit/537.36 (KHTML, like Gecko) Chrome/109.0.0.0 Mobile Safari/537.36","themes_php"
"162.158.106.48","2025-11-16T16:29:37Z","/wp-content/themes/travelscape/json.php","Mozilla/5.0 (Linux; Android 11; M2010J19SI) AppleWebKit/537.36 (KHTML, like Gecko) Chrome/109.0.0.0 Mobile Safari/537.36","themes_php"
"172.70.208.81","2025-11-16T16:29:38Z","/wp-content/themes/travel/issue.php","Mozilla/5.0 (Linux; Android 11; M2010J19SI) AppleWebKit/537.36 (KHTML, like Gecko) Chrome/109.0.0.0 Mobile Safari/537.36","themes_php"
"162.158.171.29","2025-11-16T16:29:44Z","/wp-content/themes/digital-download/new.php","Mozilla/5.0 (Linux; Android 11; M2010J19SI) AppleWebKit/537.36 (KHTML, like Gecko) Chrome/109.0.0.0 Mobile Safari/537.36","themes_php"
"172.68.164.74","2025-11-16T16:30:18Z","/wp-content/themes/travel/issue.php","Mozilla/5.0 (Linux; Android 11; M2010J19SI) AppleWebKit/537.36 (KHTML, like Gecko) Chrome/109.0.0.0 Mobile Safari/537.36","themes_php"
"162.158.190.34","2025-11-16T16:30:20Z","/wp-content/themes/jaida/lang.php","Mozilla/5.0 (Linux; Android 11; M2010J19SI) AppleWebKit/537.36 (KHTML, like Gecko) Chrome/109.0.0.0 Mobile Safari/537.36","themes_php"
"172.70.208.81","2025-11-16T16:37:14Z","/wp-content/themes/bltm/wp-login.php","Mozilla/5.0 (Linux; Android 11; M2010J19SI) AppleWebKit/537.36 (KHTML, like Gecko) Chrome/109.0.0.0 Mobile Safari/537.36","themes_php"
"108.162.226.172","2025-11-16T16:37:29Z","/wp-content/themes/travelscape/json.php","Mozilla/5.0 (Linux; Android 11; M2010J19SI) AppleWebKit/537.36 (KHTML, like Gecko) Chrome/109.0.0.0 Mobile Safari/537.36","themes_php"
"108.162.226.172","2025-11-16T16:37:32Z","/wp-content/themes/travel/issue.php","Mozilla/5.0 (Linux; Android 11; M2010J19SI) AppleWebKit/537.36 (KHTML, like Gecko) Chrome/109.0.0.0 Mobile Safari/537.36","themes_php"
"162.158.190.33","2025-11-16T16:37:36Z","/wp-content/themes/digital-download/new.php","Mozilla/5.0 (Linux; Android 11; M2010J19SI) AppleWebKit/537.36 (KHTML, like Gecko) Chrome/109.0.0.0 Mobile Safari/537.36","themes_php"
"172.70.208.81","2025-11-16T16:38:00Z","/wp-content/themes/travel/issue.php","Mozilla/5.0 (Linux; Android 11; M2010J19SI) AppleWebKit/537.36 (KHTML, like Gecko) Chrome/109.0.0.0 Mobile Safari/537.36","themes_php"
"172.68.164.75","2025-11-16T16:38:04Z","/wp-content/themes/jaida/lang.php","Mozilla/5.0 (Linux; Android 11; M2010J19SI) AppleWebKit/537.36 (KHTML, like Gecko) Chrome/109.0.0.0 Mobile Safari/537.36","themes_php"
"172.68.164.78","2025-11-16T16:56:31Z","/wp-content/themes/twentyfive/include.php","-","themes_php"
"172.68.164.78","2025-11-16T16:56:32Z","/wp-content/themes/twentyseventeen/page/index.php?p=","-","themes_php"
"172.68.164.78","2025-11-16T16:56:32Z","/wp-content/themes/pridmag/db.php?u","-","themes_php"
"172.68.164.78","2025-11-16T16:56:32Z","/wp-content/themes/seotheme/mar.php","-","themes_php"
"172.68.164.78","2025-11-16T16:56:33Z","/wp-content/themes/seotheme/db.php?u","-","themes_php"
"172.68.164.78","2025-11-16T16:56:35Z","/wp-content/themes/about.php","-","themes_php"
"172.68.164.78","2025-11-16T16:56:35Z","/wp-content/themes/travel/issue.php","-","themes_php"
"172.68.164.78","2025-11-16T16:56:35Z","/wp-content/themes/travelscape/json.php","-","themes_php"
"172.70.93.95","2025-11-15T19:06:56Z","/wp-content/themes/twentyfive/include.php","Mozilla/5.0 (Windows NT 10.0; Win64; x64) AppleWebKit/537.36 (KHTML, like Gecko) Chrome/85.0.4183.102 Safari/537.36","themes_php"
"108.162.226.173","2025-11-15T19:16:24Z","/wp-content/themes/twentyfive/include.php","Mozilla/5.0 (Windows NT 10.0; Win64; x64) AppleWebKit/537.36 (KHTML, like Gecko) Chrome/85.0.4183.102 Safari/537.36","themes_php"
"162.158.171.30","2025-11-15T19:31:49Z","/wp-content/themes/twentyfive/include.php","Mozilla/5.0 (Windows NT 10.0; Win64; x64) AppleWebKit/537.36 (KHTML, like Gecko) Chrome/85.0.4183.102 Safari/537.36","themes_php"
"172.68.164.78","2025-11-15T19:41:05Z","/wp-content/themes/twentyfive/include.php","Mozilla/5.0 (Windows NT 10.0; Win64; x64) AppleWebKit/537.36 (KHTML, like Gecko) Chrome/85.0.4183.102 Safari/537.36","themes_php"
"104.23.175.135","2025-11-15T20:26:43Z","/wp-content/themes/alera/alpha.php","Mozilla/5.0 (Linux; Android 7.0; SM-G892A Build/NRD90M; wv) AppleWebKit/537.36 (KHTML, like Gecko) Version/4.0 Chrome/60.0.3112.107 Mobile Safari/537.36","themes_php"
"172.70.188.51","2025-11-15T20:31:42Z","/wp-content/themes/alera/alpha.php","Mozilla/5.0 (Linux; Android 7.0; SM-G892A Build/NRD90M; wv) AppleWebKit/537.36 (KHTML, like Gecko) Version/4.0 Chrome/60.0.3112.107 Mobile Safari/537.36","themes_php"
"172.71.124.182","2025-11-15T22:04:06Z","/wp-content/themes/alera/alpha.php","Mozilla/5.0 (Linux; Android 7.0; SM-G892A Build/NRD90M; wv) AppleWebKit/537.36 (KHTML, like Gecko) Version/4.0 Chrome/60.0.3112.107 Mobile Safari/537.36","themes_php"
"172.69.176.75","2025-11-16T04:07:06Z","/wp-content/uploads/index.php","Mozlila/5.0 (Linux; Android 7.0; SM-G892A Bulid/NRD90M; wv) AppleWebKit/537.36 (KHTML, like Gecko) Version/4.0 Chrome/60.0.3112.107 Moblie Safari/537.36Team Anon Force","uploads_php"
"172.68.164.50","2025-11-16T04:07:38Z","//wp-content/uploads/2025/04/shell.php?cmd=id","Go-http-client/2.0","uploads_php"
"104.23.175.24","2025-11-16T04:09:17Z","//wp-content/uploads/wpr-addons/forms/b1ack.php","Go-http-client/2.0","uploads_php"
"162.158.88.42","2025-11-16T04:09:18Z","//wp-content/uploads/wpr-addons/forms/b1ack.php","Go-http-client/2.0","uploads_php"
"172.70.143.210","2025-11-16T04:16:07Z","/wp-content/uploads/wpr-addons/forms/b1ack.php","Mozilla/5.0 (Windows NT 10.0; Win64; x64) AppleWebKit/537.36 (KHTML, like Gecko) Chrome/85.0.4183.102 Safari/537.36","uploads_php"
"108.162.226.172","2025-11-16T04:17:11Z","/wp-content/uploads/wp-login.php","Mozilla/5.0 (Windows NT 10.0; Win64; x64) AppleWebKit/537.36 (KHTML, like Gecko) Chrome/85.0.4183.102 Safari/537.36","uploads_php"
"162.158.170.222","2025-11-16T04:34:06Z","/wp-content/uploads/index.php","Mozlila/5.0 (Linux; Android 7.0; SM-G892A Bulid/NRD90M; wv) AppleWebKit/537.36 (KHTML, like Gecko) Version/4.0 Chrome/60.0.3112.107 Moblie Safari/537.36Team Anon Force","uploads_php"
"162.158.170.222","2025-11-16T05:05:48Z","/wp-content/uploads/wpr-addons/forms/b1ack.php","Mozilla/5.0 (Windows NT 10.0; Win64; x64) AppleWebKit/537.36 (KHTML, like Gecko) Chrome/85.0.4183.102 Safari/537.36","uploads_php"
"162.158.189.135","2025-11-16T05:06:53Z","/wp-content/uploads/wp-login.php","Mozilla/5.0 (Windows NT 10.0; Win64; x64) AppleWebKit/537.36 (KHTML, like Gecko) Chrome/85.0.4183.102 Safari/537.36","uploads_php"
"172.70.189.49","2025-11-16T05:22:50Z","/wp-content/uploads/ALFA_DATA/alfacgiapi/index.php?bx=0e215962017","Mozilla/5.0 (Linux; Android 11; Redmi Note 9 Pro Build/RKQ1.200826.002; wv) AppleWebKit/537.36 (KHTML, like Gecko) Version/4.0 Chrome/90.0.4430.210 Mobile Safari/537.36","uploads_php"
"172.70.143.210","2025-11-16T05:22:50Z","/wp-content/uploads/ALFA_DATA/alfacgiapi/radio.php?bx=0e215962017","Mozilla/5.0 (Linux; Android 11; Redmi Note 9 Pro Build/RKQ1.200826.002; wv) AppleWebKit/537.36 (KHTML, like Gecko) Version/4.0 Chrome/90.0.4430.210 Mobile Safari/537.36","uploads_php"
"172.71.124.18","2025-11-16T05:22:51Z","/wp-content/uploads/ALFA_DATA/alfacgiapi/404.php?bx=0e215962017","Mozilla/5.0 (Linux; Android 11; Redmi Note 9 Pro Build/RKQ1.200826.002; wv) AppleWebKit/537.36 (KHTML, like Gecko) Version/4.0 Chrome/90.0.4430.210 Mobile Safari/537.36","uploads_php"
"172.71.124.182","2025-11-16T06:25:32Z","/wp-content/uploads/wpr-addons/forms/b1ack.php","Mozilla/5.0 (Windows NT 10.0; Win64; x64) AppleWebKit/537.36 (KHTML, like Gecko) Chrome/85.0.4183.102 Safari/537.36","uploads_php"
"172.70.208.128","2025-11-16T06:26:25Z","/wp-content/uploads/wp-login.php","Mozilla/5.0 (Windows NT 10.0; Win64; x64) AppleWebKit/537.36 (KHTML, like Gecko) Chrome/85.0.4183.102 Safari/537.36","uploads_php"
"172.71.124.182","2025-11-16T07:52:27Z","/wp-content/uploads/ALFA_DATA/alfacgiapi/index.php?bx=0e215962017","Mozilla/5.0 (Linux; Android 11; Redmi Note 9 Pro Build/RKQ1.200826.002; wv) AppleWebKit/537.36 (KHTML, like Gecko) Version/4.0 Chrome/90.0.4430.210 Mobile Safari/537.36","uploads_php"
"172.70.188.51","2025-11-16T07:52:27Z","/wp-content/uploads/ALFA_DATA/alfacgiapi/radio.php?bx=0e215962017","Mozilla/5.0 (Linux; Android 11; Redmi Note 9 Pro Build/RKQ1.200826.002; wv) AppleWebKit/537.36 (KHTML, like Gecko) Version/4.0 Chrome/90.0.4430.210 Mobile Safari/537.36","uploads_php"
"162.158.88.76","2025-11-16T07:52:28Z","/wp-content/uploads/ALFA_DATA/alfacgiapi/404.php?bx=0e215962017","Mozilla/5.0 (Linux; Android 11; Redmi Note 9 Pro Build/RKQ1.200826.002; wv) AppleWebKit/537.36 (KHTML, like Gecko) Version/4.0 Chrome/90.0.4430.210 Mobile Safari/537.36","uploads_php"
"172.70.93.52","2025-11-16T09:59:17Z","/wp-content/uploads/autoload_classmap.php","Mozilla/5.0 (Windows NT 10.0; Win64; x64) AppleWebKit/537.36 (KHTML, like Gecko) Chrome/79.0.3945.130 Safari/537.36","uploads_php"
"162.158.189.153","2025-11-16T09:59:19Z","/wp-content/uploads/admin.php","Mozilla/5.0 (X11; Linux x86_64) AppleWebKit/537.36 (KHTML, like Gecko) Chrome/84.0.4147.105 Safari/537.36","uploads_php"
"172.68.164.118","2025-11-16T09:59:23Z","/wp-content/uploads/about.php","Mozilla/5.0 (Windows NT 10.0; Win64; x64) AppleWebKit/537.36 (KHTML, like Gecko) Chrome/84.0.4147.105 Safari/537.36","uploads_php"
"104.23.175.74","2025-11-16T09:59:36Z","/wp-content/uploads/wp.php","Mozilla/5.0 (Windows NT 10.0; Win64; x64) AppleWebKit/537.36 (KHTML, like Gecko) Chrome/84.0.4147.105 Safari/537.36","uploads_php"
"172.68.164.118","2025-11-16T09:59:49Z","/wp-content/uploads/file.php","Mozilla/5.0 (Windows NT 10.0; Win64; x64) AppleWebKit/537.36 (KHTML, like Gecko) Chrome/84.0.4147.105 Safari/537.36 OPR/70.0.3728.95","uploads_php"
"172.69.176.110","2025-11-16T10:00:06Z","/wp-content/uploads/wp-conflg.php","Mozilla/5.0 (Windows NT 10.0; WOW64) AppleWebKit/537.36 (KHTML, like Gecko) Chrome/72.0.3626.121 Safari/537.36","uploads_php"
"172.71.81.222","2025-11-16T10:00:18Z","/wp-content/uploads/bypass.php","Mozilla/5.0 (Windows NT 10.0; Win64; x64; rv:76.0) Gecko/20100101 Firefox/76.0","uploads_php"
"172.69.176.111","2025-11-16T10:00:24Z","/wp-content/uploads/2023/05/404.php","Mozilla/5.0 (Windows NT 10.0; Win64; x64) AppleWebKit/537.36 (KHTML, like Gecko) Chrome/79.0.3945.130 Safari/537.36","uploads_php"
"162.158.170.19","2025-11-16T10:00:33Z","/wp-content/uploads/content.php","Mozilla/5.0 (X11; Linux x86_64) AppleWebKit/537.36 (KHTML, like Gecko) Chrome/84.0.4147.105 Safari/537.36","uploads_php"
"172.68.164.119","2025-11-16T10:00:43Z","/wp-content/uploads/index.php","Mozilla/5.0 (Windows NT 10.0; Win64; x64; rv:74.0) Gecko/20100101 Firefox/74.0","uploads_php"
"104.23.175.75","2025-11-16T10:01:03Z","/wp-content/uploads/anas.php","Mozilla/5.0 (Windows NT 10.0) AppleWebKit/537.36 (KHTML, like Gecko) Chrome/84.0.4147.105 Safari/537.36","uploads_php"
"172.70.93.53","2025-11-16T10:01:26Z","/wp-content/uploads/2021/faiyy.php","Mozilla/5.0 (Windows NT 10.0; Win64; x64) AppleWebKit/537.36 (KHTML, like Gecko) Chrome/74.0.3729.169 Safari/537.36","uploads_php"
"172.70.93.53","2025-11-16T10:01:27Z","/wp-content/uploads/system_cache.php","Mozilla/5.0 (Macintosh; Intel Mac OS X 10_15_6) AppleWebKit/537.36 (KHTML, like Gecko) Chrome/84.0.4147.125 Safari/537.36","uploads_php"
"162.158.189.153","2025-11-16T10:01:31Z","/wp-content/uploads/fileman.php","Mozilla/5.0 (Windows NT 10.0; Win64; x64) AppleWebKit/537.36 (KHTML, like Gecko) Chrome/83.0.4103.61 Safari/537.36","uploads_php"
"172.70.188.71","2025-11-16T10:01:35Z","/wp-content/uploads/chosen.php","Mozilla/5.0 (Windows NT 10.0; Win64; x64) AppleWebKit/537.36 (KHTML, like Gecko) Chrome/75.0.3770.100 Safari/537.36","uploads_php"
"162.158.107.68","2025-11-16T10:01:55Z","/wp-content/uploads/goods.php","Mozilla/5.0 (Windows NT 10.0; Win64; x64; rv:77.0) Gecko/20100101 Firefox/77.0","uploads_php"
"172.69.166.56","2025-11-16T10:02:02Z","/wp-content/uploads/2021/wp-works.php","Mozilla/5.0 (Windows NT 10.0; Win64; x64) AppleWebKit/537.36 (KHTML, like Gecko) Chrome/79.0.3945.79 Safari/537.36","uploads_php"
"172.71.124.29","2025-11-16T10:02:03Z","/wp-content/uploads/2021/themes.php","Mozilla/5.0 (Macintosh; Intel Mac OS X 10.15; rv:79.0) Gecko/20100101 Firefox/79.0","uploads_php"
"162.158.107.67","2025-11-16T10:02:21Z","/wp-content/uploads/uploads.php","Mozilla/5.0 (Windows NT 10.0; Win64; x64) AppleWebKit/537.36 (KHTML, like Gecko) Chrome/79.0.3945.88 Safari/537.36","uploads_php"
"162.158.108.50","2025-11-16T10:02:25Z","/wp-content/uploads/install.php","Mozilla/5.0 (X11; Linux x86_64) AppleWebKit/537.36 (KHTML, like Gecko) Chrome/84.0.4147.105 Safari/537.36","uploads_php"
"162.158.108.51","2025-11-16T10:06:01Z","/wp-content/uploads/ALFA_DATA/alfacgiapi/index.php?bx=0e215962017","Mozilla/5.0 (Linux; Android 11; Redmi Note 9 Pro Build/RKQ1.200826.002; wv) AppleWebKit/537.36 (KHTML, like Gecko) Version/4.0 Chrome/90.0.4430.210 Mobile Safari/537.36","uploads_php"
"162.158.107.68","2025-11-16T10:06:02Z","/wp-content/uploads/ALFA_DATA/alfacgiapi/radio.php?bx=0e215962017","Mozilla/5.0 (Linux; Android 11; Redmi Note 9 Pro Build/RKQ1.200826.002; wv) AppleWebKit/537.36 (KHTML, like Gecko) Version/4.0 Chrome/90.0.4430.210 Mobile Safari/537.36","uploads_php"
"172.68.164.119","2025-11-16T10:06:02Z","/wp-content/uploads/ALFA_DATA/alfacgiapi/404.php?bx=0e215962017","Mozilla/5.0 (Linux; Android 11; Redmi Note 9 Pro Build/RKQ1.200826.002; wv) AppleWebKit/537.36 (KHTML, like Gecko) Version/4.0 Chrome/90.0.4430.210 Mobile Safari/537.36","uploads_php"
"172.70.93.95","2025-11-16T10:58:12Z","//wp-content/uploads/2025/04/shell.php?cmd=id","Go-http-client/2.0","uploads_php"
"162.158.171.30","2025-11-16T11:00:16Z","//wp-content/uploads/wpr-addons/forms/b1ack.php","Go-http-client/2.0","uploads_php"
"162.158.190.34","2025-11-16T11:00:18Z","//wp-content/uploads/wpr-addons/forms/b1ack.php","Go-http-client/2.0","uploads_php"
"172.70.208.49","2025-11-16T11:02:03Z","/wp-content/uploads/autoload_classmap.php","Mozilla/5.0 (Windows NT 10.0; WOW64; x64) AppleWebKit/537.36 (KHTML, like Gecko) Chrome/84.0.4147.105 Safari/537.36 OPR/70.0.3728.95","uploads_php"
"172.70.188.70","2025-11-16T11:02:05Z","/wp-content/uploads/admin.php","Mozilla/5.0 (Windows NT 10.0; Win64; x64) AppleWebKit/537.36 (KHTML, like Gecko) Chrome/58.0.3029.110 Safari/537.3","uploads_php"
"172.70.93.52","2025-11-16T11:02:10Z","/wp-content/uploads/about.php","Mozilla/5.0 (Windows NT 10.0; Win64; x64) AppleWebKit/537.36 (KHTML, like Gecko) Chrome/79.0.3945.130 Safari/537.36","uploads_php"
"172.70.188.70","2025-11-16T11:02:20Z","/wp-content/uploads/wp.php","Mozilla/5.0 (Windows NT 10.0; Win64; x64) AppleWebKit/537.36 (KHTML, like Gecko) Chrome/79.0.3945.130 Safari/537.36","uploads_php"
"172.70.208.48","2025-11-16T11:02:33Z","/wp-content/uploads/file.php","Mozilla/5.0 (Windows NT 10.0; Win64; x64; rv:74.0) Gecko/20100101 Firefox/74.0","uploads_php"
"172.68.164.119","2025-11-16T11:02:54Z","/wp-content/uploads/wp-conflg.php","Mozilla/5.0 (Windows NT 6.1; Win64; x64) AppleWebKit/537.36 (KHTML, like Gecko) Chrome/80.0.3987.149 Safari/537.36","uploads_php"
"172.69.176.110","2025-11-16T11:41:57Z","/wp-content/uploads/index.php","Mozlila/5.0 (Linux; Android 7.0; SM-G892A Bulid/NRD90M; wv) AppleWebKit/537.36 (KHTML, like Gecko) Version/4.0 Chrome/60.0.3112.107 Moblie Safari/537.36Team Anon Force","uploads_php"
"172.69.176.8","2025-11-16T15:03:57Z","/wp-content/uploads/autoload_classmap.php","Mozilla/5.0 (Windows NT 10.0; Win64; x64; rv:72.0) Gecko/20100101 Firefox/72.0","uploads_php"
"172.69.176.8","2025-11-16T15:03:57Z","/wp-content/uploads/admin.php","Mozilla/5.0 (Windows NT 6.1; Win64; x64) AppleWebKit/537.36 (KHTML, like Gecko) Chrome/79.0.3945.130 Safari/537.36","uploads_php"
"172.69.176.8","2025-11-16T15:03:59Z","/wp-content/uploads/about.php","Mozilla/5.0 (Macintosh; Intel Mac OS X 10_15_6) AppleWebKit/537.36 (KHTML, like Gecko) Chrome/84.0.4147.105 Safari/537.36 OPR/70.0.3728.95","uploads_php"
"172.69.176.8","2025-11-16T15:04:04Z","/wp-content/uploads/wp.php","Mozilla/5.0 (Windows NT 10.0; Win64; x64; rv:71.0) Gecko/20100101 Firefox/71.0","uploads_php"
"172.69.176.8","2025-11-16T15:04:11Z","/wp-content/uploads/file.php","Mozilla/5.0 (Windows NT 10.0) AppleWebKit/537.36 (KHTML, like Gecko) Chrome/84.0.4147.105 Safari/537.36","uploads_php"
"172.69.176.8","2025-11-16T15:04:17Z","/wp-content/uploads/wp-conflg.php","Mozilla/5.0 (Macintosh; Intel Mac OS X 10_15_6) AppleWebKit/537.36 (KHTML, like Gecko) Chrome/84.0.4147.125 Safari/537.36","uploads_php"
"172.69.176.8","2025-11-16T15:04:22Z","/wp-content/uploads/bypass.php","Mozilla/5.0 (Macintosh; Intel Mac OS X 10_15_6) AppleWebKit/537.36 (KHTML, like Gecko) Chrome/84.0.4147.125 Safari/537.36","uploads_php"
"172.69.176.8","2025-11-16T15:04:24Z","/wp-content/uploads/2023/05/404.php","Mozilla/5.0 (Windows NT 10.0; Win64; x64) AppleWebKit/537.36 (KHTML, like Gecko) Chrome/74.0.3729.169 Safari/537.36","uploads_php"
"172.69.176.8","2025-11-16T15:04:27Z","/wp-content/uploads/content.php","Mozilla/5.0 (Windows NT 6.1; Win64; x64) AppleWebKit/537.36 (KHTML, like Gecko) Chrome/58.0.3029.110 Safari/537.3","uploads_php"
"172.69.176.8","2025-11-16T15:04:31Z","/wp-content/uploads/index.php","Mozilla/5.0 (Windows NT 10.0; Win64; x64) AppleWebKit/537.36 (KHTML, like Gecko) Chrome/80.0.3987.149 Safari/537.36","uploads_php"
"172.69.176.8","2025-11-16T15:04:41Z","/wp-content/uploads/anas.php","Mozilla/5.0 (Windows NT 6.1; Win64; x64) AppleWebKit/537.36 (KHTML, like Gecko) Chrome/78.0.3904.108 Safari/537.36","uploads_php"
"172.69.176.8","2025-11-16T15:04:53Z","/wp-content/uploads/2021/faiyy.php","Mozilla/5.0 (Windows NT 10.0; Win64; x64; rv:77.0) Gecko/20100101 Firefox/77.0","uploads_php"
"172.69.176.8","2025-11-16T15:04:54Z","/wp-content/uploads/system_cache.php","Mozilla/5.0 (Windows NT 10.0; Win64; x64; rv:72.0) Gecko/20100101 Firefox/72.0","uploads_php"
"172.69.176.8","2025-11-16T15:04:57Z","/wp-content/uploads/fileman.php","Mozilla/5.0 (Windows NT 10.0; Win64; x64; rv:75.0) Gecko/20100101 Firefox/75.0","uploads_php"
"172.69.176.8","2025-11-16T15:04:59Z","/wp-content/uploads/chosen.php","Mozilla/5.0 (Macintosh; Intel Mac OS X 10_15_6) AppleWebKit/537.36 (KHTML, like Gecko) Chrome/84.0.4147.125 Safari/537.36","uploads_php"
"172.69.176.8","2025-11-16T15:05:09Z","/wp-content/uploads/goods.php","Mozilla/5.0 (Windows NT 10.0) AppleWebKit/537.36 (KHTML, like Gecko) Chrome/72.0.3626.121 Safari/537.36","uploads_php"
"172.69.176.8","2025-11-16T15:05:12Z","/wp-content/uploads/2021/wp-works.php","Mozilla/5.0 (Windows NT 10.0; Win64; x64; rv:67.0) Gecko/20100101 Firefox/67.0","uploads_php"
"172.69.176.8","2025-11-16T15:05:12Z","/wp-content/uploads/2021/themes.php","Mozilla/5.0 (Windows NT 10.0; Win64; x64; rv:76.0) Gecko/20100101 Firefox/76.0","uploads_php"
"172.69.176.8","2025-11-16T15:05:18Z","/wp-content/uploads/uploads.php","Mozilla/5.0 (Macintosh; Intel Mac OS X 10_15_6) AppleWebKit/537.36 (KHTML, like Gecko) Chrome/84.0.4147.105 Safari/537.36 OPR/70.0.3728.95","uploads_php"
"172.69.176.8","2025-11-16T15:05:19Z","/wp-content/uploads/install.php","Mozilla/5.0 (Windows NT 10.0; Win64; x64; rv:79.0) Gecko/20100101 Firefox/79.0","uploads_php"
"172.70.208.81","2025-11-16T16:29:07Z","/wp-content/uploads/2017-------/09/wp-console.php","Mozilla/5.0 (Linux; Android 11; M2010J19SI) AppleWebKit/537.36 (KHTML, like Gecko) Chrome/109.0.0.0 Mobile Safari/537.36","uploads_php"
"162.158.171.29","2025-11-16T16:29:20Z","/wp-content/uploads/2014/07/olx.php","Mozilla/5.0 (Linux; Android 11; M2010J19SI) AppleWebKit/537.36 (KHTML, like Gecko) Chrome/109.0.0.0 Mobile Safari/537.36","uploads_php"
"162.158.190.33","2025-11-16T16:37:12Z","/wp-content/uploads/2017-------/09/wp-console.php","Mozilla/5.0 (Linux; Android 11; M2010J19SI) AppleWebKit/537.36 (KHTML, like Gecko) Chrome/109.0.0.0 Mobile Safari/537.36","uploads_php"
"172.70.143.210","2025-11-16T16:37:19Z","/wp-content/uploads/2014/07/olx.php","Mozilla/5.0 (Linux; Android 11; M2010J19SI) AppleWebKit/537.36 (KHTML, like Gecko) Chrome/109.0.0.0 Mobile Safari/537.36","uploads_php"
"172.70.143.210","2025-11-15T19:05:34Z","/wp-content/uploads/wpr-addons/forms/b1ack.php","Mozilla/5.0 (Windows NT 10.0; Win64; x64) AppleWebKit/537.36 (KHTML, like Gecko) Chrome/85.0.4183.102 Safari/537.36","uploads_php"
"172.70.143.210","2025-11-15T19:07:05Z","/wp-content/uploads/wp-login.php","Mozilla/5.0 (Windows NT 10.0; Win64; x64) AppleWebKit/537.36 (KHTML, like Gecko) Chrome/85.0.4183.102 Safari/537.36","uploads_php"
"172.70.143.210","2025-11-15T19:15:12Z","/wp-content/uploads/wpr-addons/forms/b1ack.php","Mozilla/5.0 (Windows NT 10.0; Win64; x64) AppleWebKit/537.36 (KHTML, like Gecko) Chrome/85.0.4183.102 Safari/537.36","uploads_php"
"172.70.208.80","2025-11-15T19:16:44Z","/wp-content/uploads/wp-login.php","Mozilla/5.0 (Windows NT 10.0; Win64; x64) AppleWebKit/537.36 (KHTML, like Gecko) Chrome/85.0.4183.102 Safari/537.36","uploads_php"
"108.162.226.173","2025-11-15T19:31:09Z","/wp-content/uploads/wpr-addons/forms/b1ack.php","Mozilla/5.0 (Windows NT 10.0; Win64; x64) AppleWebKit/537.36 (KHTML, like Gecko) Chrome/85.0.4183.102 Safari/537.36","uploads_php"
"162.158.106.48","2025-11-15T19:32:02Z","/wp-content/uploads/wp-login.php","Mozilla/5.0 (Windows NT 10.0; Win64; x64) AppleWebKit/537.36 (KHTML, like Gecko) Chrome/85.0.4183.102 Safari/537.36","uploads_php"
"172.69.165.23","2025-11-15T19:39:56Z","/wp-content/uploads/wpr-addons/forms/b1ack.php","Mozilla/5.0 (Windows NT 10.0; Win64; x64) AppleWebKit/537.36 (KHTML, like Gecko) Chrome/85.0.4183.102 Safari/537.36","uploads_php"
"172.68.164.78","2025-11-15T19:41:14Z","/wp-content/uploads/wp-login.php","Mozilla/5.0 (Windows NT 10.0; Win64; x64) AppleWebKit/537.36 (KHTML, like Gecko) Chrome/85.0.4183.102 Safari/537.36","uploads_php"
"162.158.88.42","2025-11-16T04:07:42Z","//vendor/htmlawed/htmlawed/gel4y.php","Go-http-client/2.0","vendor"
"172.70.92.185","2025-11-16T04:07:52Z","//vendor/composer/about.php","Go-http-client/2.0","vendor"
"162.158.108.99","2025-11-16T04:09:20Z","//vendor/composer/cache.php","Go-http-client/2.0","vendor"
"162.158.108.50","2025-11-16T09:58:54Z","/vendor/phpunit/phpunit/src/Util/PHP/kill.php","Mozilla/5.0 (Windows NT 10.0; Win64; x64) AppleWebKit/537.36 (KHTML, like Gecko) Chrome/84.0.4147.105 Safari/537.36","vendor"
"172.70.93.52","2025-11-16T09:59:17Z","/vendor/phpunit/phpunit/src/Util/PHP/ask.php","Mozilla/5.0 (Windows NT 10.0) AppleWebKit/537.36 (KHTML, like Gecko) Chrome/84.0.4147.105 Safari/537.36","vendor"
"172.69.176.111","2025-11-16T09:59:43Z","/vendor/phpunit/phpunit/src/Util/PHP/as.php","Mozilla/5.0 (X11; Linux i686; rv:79.0) Gecko/20100101 Firefox/79.0","vendor"
"162.158.162.153","2025-11-16T10:00:45Z","/vendor/phpunit/phpunit/src/Util/PHP/uss.php","Mozilla/5.0 (Windows NT 10.0; Win64; x64) AppleWebKit/537.36 (KHTML, like Gecko) Chrome/74.0.3729.157 Safari/537.36","vendor"
"162.158.170.18","2025-11-16T10:01:05Z","/vendor/phpunit/phpunit/src/Util/PHP/admin-footer.php","Mozilla/5.0 (Macintosh; Intel Mac OS X 10.15; rv:79.0) Gecko/20100101 Firefox/79.0","vendor"
"162.158.88.68","2025-11-16T10:01:13Z","/vendor/phpunit/phpunit/src/Util/PHP/adminfusm.php","Mozilla/5.0 (X11; Linux x86_64) AppleWebKit/537.36 (KHTML, like Gecko) Chrome/84.0.4147.105 Safari/537.36","vendor"
"162.158.107.68","2025-11-16T10:01:17Z","/vendor/phpunit/phpunit/src/Util/PHP/fixed.php","Mozilla/5.0 (Windows NT 10.0; Win64; x64) AppleWebKit/537.36 (KHTML, like Gecko) Chrome/70.0.3538.110 Safari/537.36","vendor"
"104.23.175.75","2025-11-16T10:01:20Z","/vendor/phpunit/phpunit/src/Util/PHP/bypass.php","Mozilla/5.0 (Windows NT 10.0; Win64; x64) AppleWebKit/537.36 (KHTML, like Gecko) Chrome/75.0.3770.100 Safari/537.36","vendor"
"172.70.188.71","2025-11-16T10:01:27Z","/vendor/phpunit/phpunit/src/Util/PHP/files.php","Mozilla/5.0 (Macintosh; Intel Mac OS X 10_12_6) AppleWebKit/537.36 (KHTML, like Gecko) Chrome/58.0.3029.110 Safari/537.3","vendor"
"162.158.162.152","2025-11-16T10:01:41Z","/vendor/phpunit/phpunit/src/Util/PHP/install.php","Mozilla/5.0 (Macintosh; Intel Mac OS X 10_15_6) AppleWebKit/537.36 (KHTML, like Gecko) Chrome/84.0.4147.105 Safari/537.36","vendor"
"104.23.175.74","2025-11-16T10:01:41Z","/vendor/phpunit/phpunit/src/Util/PHP/db.php","Mozilla/5.0 (Macintosh; Intel Mac OS X 10_15_6) AppleWebKit/537.36 (KHTML, like Gecko) Chrome/84.0.4147.105 Safari/537.36 OPR/70.0.3728.95","vendor"
"162.158.162.153","2025-11-16T10:02:18Z","/vendor/phpunit/phpunit/src/Util/PHP/abcd.php","Mozilla/5.0 (Windows NT 10.0; Win64; x64) AppleWebKit/537.36 (KHTML, like Gecko) Chrome/74.0.3729.157 Safari/537.36","vendor"
"172.70.208.49","2025-11-16T10:03:05Z","/vendor/phpunit/phpunit/src/Util/PHP/","Mozilla/5.0 (Windows NT 6.1; Win64; x64) AppleWebKit/537.36 (KHTML, like Gecko) Chrome/79.0.3945.130 Safari/537.36","vendor"
"162.158.190.34","2025-11-16T10:58:17Z","//vendor/htmlawed/htmlawed/gel4y.php","Go-http-client/2.0","vendor"
"172.71.124.18","2025-11-16T10:58:28Z","//vendor/composer/about.php","Go-http-client/2.0","vendor"
"172.70.143.211","2025-11-16T11:00:20Z","//vendor/composer/cache.php","Go-http-client/2.0","vendor"
"108.162.227.93","2025-11-16T11:01:44Z","/vendor/phpunit/phpunit/src/Util/PHP/kill.php","Mozilla/5.0 (X11; Fedora; Linux x86_64; rv:79.0) Gecko/20100101 Firefox/79.0","vendor"
"172.70.188.70","2025-11-16T11:02:03Z","/vendor/phpunit/phpunit/src/Util/PHP/ask.php","Mozilla/5.0 (Windows NT 10.0; Win64; x64; rv:71.0) Gecko/20100101 Firefox/71.0","vendor"
"172.69.176.111","2025-11-16T11:02:27Z","/vendor/phpunit/phpunit/src/Util/PHP/as.php","Mozilla/5.0 (Windows NT 10.0; Win64; x64; rv:71.0) Gecko/20100101 Firefox/71.0","vendor"
"162.158.88.77","2025-11-16T11:37:13Z","/vendor/.env.save","python-httpx/0.24.1","vendor"
"162.158.170.223","2025-11-16T11:37:13Z","/vendor/.env.bak","python-httpx/0.24.1","vendor"
"172.71.124.183","2025-11-16T11:37:13Z","/vendor/.env","python-httpx/0.24.1","vendor"
"172.71.124.183","2025-11-16T11:37:13Z","/vendor/.env.old","python-httpx/0.24.1","vendor"
"162.158.108.51","2025-11-16T14:46:37Z","/vendor/.env.save","python-httpx/0.24.1","vendor"
"162.158.190.33","2025-11-16T14:46:37Z","/vendor/.env","python-httpx/0.24.1","vendor"
"104.23.175.251","2025-11-16T14:46:37Z","/vendor/.env.bak","python-httpx/0.24.1","vendor"
"172.70.208.81","2025-11-16T14:46:37Z","/vendor/.env.old","python-httpx/0.24.1","vendor"
"172.69.176.8","2025-11-16T15:03:45Z","/vendor/phpunit/phpunit/src/Util/PHP/kill.php","Mozilla/5.0 (Windows NT 10.0; Win64; x64) AppleWebKit/537.36 (KHTML, like Gecko) Chrome/79.0.3945.130 Safari/537.36","vendor"
"172.69.176.8","2025-11-16T15:03:57Z","/vendor/phpunit/phpunit/src/Util/PHP/ask.php","Mozilla/5.0 (Windows NT 10.0; Win64; x64) AppleWebKit/537.36 (KHTML, like Gecko) Chrome/58.0.3029.110 Safari/537.3","vendor"
"172.69.176.8","2025-11-16T15:04:08Z","/vendor/phpunit/phpunit/src/Util/PHP/as.php","Mozilla/5.0 (Windows NT 10.0; Win64; x64; rv:67.0) Gecko/20100101 Firefox/67.0","vendor"
"172.69.176.8","2025-11-16T15:04:32Z","/vendor/phpunit/phpunit/src/Util/PHP/uss.php","Mozilla/5.0 (Windows NT 10.0; Win64; x64) AppleWebKit/537.36 (KHTML, like Gecko) Chrome/77.0.3865.90 Safari/537.36","vendor"
"172.69.176.8","2025-11-16T15:04:42Z","/vendor/phpunit/phpunit/src/Util/PHP/admin-footer.php","Mozilla/5.0 (Macintosh; Intel Mac OS X 10_12_6) AppleWebKit/537.36 (KHTML, like Gecko) Chrome/58.0.3029.110 Safari/537.3","vendor"
"172.69.176.8","2025-11-16T15:04:46Z","/vendor/phpunit/phpunit/src/Util/PHP/adminfusm.php","Mozilla/5.0 (X11; Fedora; Linux x86_64; rv:79.0) Gecko/20100101 Firefox/79.0","vendor"
"172.69.176.8","2025-11-16T15:04:48Z","/vendor/phpunit/phpunit/src/Util/PHP/fixed.php","Mozilla/5.0 (Windows NT 10.0; Win64; x64) AppleWebKit/537.36 (KHTML, like Gecko) Chrome/74.0.3729.157 Safari/537.36","vendor"
"172.69.176.8","2025-11-16T15:04:50Z","/vendor/phpunit/phpunit/src/Util/PHP/bypass.php","Mozilla/5.0 (Windows NT 10.0; WOW64) AppleWebKit/537.36 (KHTML, like Gecko) Chrome/72.0.3626.121 Safari/537.36","vendor"
"172.69.176.8","2025-11-16T15:04:54Z","/vendor/phpunit/phpunit/src/Util/PHP/files.php","Mozilla/5.0 (Windows NT 10.0; Win64; x64) AppleWebKit/537.36 (KHTML, like Gecko) Chrome/84.0.4147.105 Safari/537.36","vendor"
"172.69.176.8","2025-11-16T15:05:04Z","/vendor/phpunit/phpunit/src/Util/PHP/install.php","Mozilla/5.0 (Windows NT 10.0; Win64; x64; rv:72.0) Gecko/20100101 Firefox/72.0","vendor"
"172.69.176.8","2025-11-16T15:05:04Z","/vendor/phpunit/phpunit/src/Util/PHP/db.php","Mozilla/5.0 (Windows NT 6.1; Win64; x64) AppleWebKit/537.36 (KHTML, like Gecko) Chrome/80.0.3987.149 Safari/537.36","vendor"
"172.69.176.8","2025-11-16T15:05:18Z","/vendor/phpunit/phpunit/src/Util/PHP/abcd.php","Mozilla/5.0 (Windows NT 6.1; Win64; x64) AppleWebKit/537.36 (KHTML, like Gecko) Chrome/74.0.3729.169 Safari/537.36","vendor"
"162.158.106.76","2025-11-16T15:05:30Z","/vendor/phpunit/phpunit/src/Util/PHP/","Mozilla/5.0 (Windows NT 10.0; Win64; x64) AppleWebKit/537.36 (KHTML, like Gecko) Chrome/79.0.3945.130 Safari/537.36","vendor"
"172.70.189.163","2025-11-16T03:23:57Z","/wp-json/wp/v2/users","Mozilla/5.0 (Windows NT 10.0; Win64; x64; rv:144.0) Gecko/20100101 Firefox/144.0","wpjson_user"
"162.158.170.227","2025-11-16T05:26:21Z","/wp-json/wp/v2/users","Mozilla/5.0 (Windows NT 10.0; Win64; x64; rv:144.0) Gecko/20100101 Firefox/144.0","wpjson_user"
"172.70.208.135","2025-11-15T21:26:27Z","/wp-json/wp/v2/users","Mozilla/5.0 (Windows NT 10.0; Win64; x64; rv:144.0) Gecko/20100101 Firefox/144.0","wpjson_user"
"104.23.175.135","2025-11-16T00:00:09Z","/xmlrpc.php","Mozilla/5.0 (Windows NT 10.0; WOW64) AppleWebKit/537.36 (KHTML, like Gecko) Chrome/65.0.3325.181 Safari/537.36 OPR/52.0.2871.64","xmlrpc"
"108.162.226.31","2025-11-16T00:00:23Z","/xmlrpc.php","Mozilla/5.0 (Windows NT 10.0; WOW64) AppleWebKit/537.36 (KHTML, like Gecko) Chrome/65.0.3325.181 Safari/537.36 OPR/52.0.2871.64","xmlrpc"
"172.71.81.168","2025-11-16T00:05:54Z","/xmlrpc.php","Mozilla/5.0 (Macintosh; Intel Mac OS X 10_11_6) AppleWebKit/537.36 (KHTML, like Gecko) Chrome/67.0.3396.79 Safari/537.36","xmlrpc"
"162.158.88.170","2025-11-16T00:05:58Z","/xmlrpc.php","Mozilla/5.0 (Macintosh; Intel Mac OS X 10_11_6) AppleWebKit/537.36 (KHTML, like Gecko) Chrome/67.0.3396.79 Safari/537.36","xmlrpc"
"172.70.208.134","2025-11-16T00:06:04Z","/xmlrpc.php","Mozilla/5.0 (Macintosh; Intel Mac OS X 10_11_6) AppleWebKit/537.36 (KHTML, like Gecko) Chrome/67.0.3396.79 Safari/537.36","xmlrpc"
"172.70.208.134","2025-11-16T00:06:08Z","/xmlrpc.php","Mozilla/5.0 (Macintosh; Intel Mac OS X 10_11_6) AppleWebKit/537.36 (KHTML, like Gecko) Chrome/67.0.3396.79 Safari/537.36","xmlrpc"
"172.70.208.134","2025-11-16T00:06:14Z","/xmlrpc.php","Mozilla/5.0 (Macintosh; Intel Mac OS X 10_11_6) AppleWebKit/537.36 (KHTML, like Gecko) Chrome/67.0.3396.79 Safari/537.36","xmlrpc"
"104.23.175.135","2025-11-16T00:06:18Z","/xmlrpc.php","Mozilla/5.0 (Macintosh; Intel Mac OS X 10_11_6) AppleWebKit/537.36 (KHTML, like Gecko) Chrome/67.0.3396.79 Safari/537.36","xmlrpc"
"172.70.93.114","2025-11-16T00:06:23Z","/xmlrpc.php","Mozilla/5.0 (Macintosh; Intel Mac OS X 10_11_6) AppleWebKit/537.36 (KHTML, like Gecko) Chrome/67.0.3396.79 Safari/537.36","xmlrpc"
"162.158.170.226","2025-11-16T00:06:29Z","/xmlrpc.php","Mozilla/5.0 (Macintosh; Intel Mac OS X 10_11_6) AppleWebKit/537.36 (KHTML, like Gecko) Chrome/67.0.3396.79 Safari/537.36","xmlrpc"
"172.69.165.22","2025-11-16T00:09:13Z","/xmlrpc.php","Mozilla/4.0 (compatible; MSIE 7.0; Windows NT 6.2; WOW64; Trident/7.0; .NET4.0C; .NET4.0E; .NET CLR 2.0.50727; .NET CLR 3.0.30729; .NET CLR 3.5.30729; Tablet PC 2.0)","xmlrpc"
"172.71.81.168","2025-11-16T00:09:47Z","/xmlrpc.php","Mozilla/4.0 (compatible; MSIE 7.0; Windows NT 6.2; WOW64; Trident/7.0; .NET4.0C; .NET4.0E; .NET CLR 2.0.50727; .NET CLR 3.0.30729; .NET CLR 3.5.30729; Tablet PC 2.0)","xmlrpc"
"172.70.208.134","2025-11-16T00:10:13Z","/xmlrpc.php","Mozilla/4.0 (compatible; MSIE 7.0; Windows NT 6.1; Trident/7.0; SLCC2; .NET CLR 2.0.50727; .NET CLR 3.5.30729; .NET CLR 3.0.30729; Media Center PC 6.0; .NET4.0C; .NET4.0E; InfoPath.3)","xmlrpc"
"162.158.88.170","2025-11-16T00:10:17Z","/xmlrpc.php","Mozilla/4.0 (compatible; MSIE 7.0; Windows NT 6.2; WOW64; Trident/7.0; .NET4.0C; .NET4.0E; .NET CLR 2.0.50727; .NET CLR 3.0.30729; .NET CLR 3.5.30729; Tablet PC 2.0)","xmlrpc"
"162.158.189.90","2025-11-16T00:10:39Z","/xmlrpc.php","Mozilla/4.0 (compatible; MSIE 7.0; Windows NT 6.2; WOW64; Trident/7.0; .NET4.0C; .NET4.0E; .NET CLR 2.0.50727; .NET CLR 3.0.30729; .NET CLR 3.5.30729; Tablet PC 2.0)","xmlrpc"
"172.69.165.22","2025-11-16T00:10:43Z","/xmlrpc.php","Mozilla/4.0 (compatible; MSIE 7.0; Windows NT 6.1; Trident/7.0; SLCC2; .NET CLR 2.0.50727; .NET CLR 3.5.30729; .NET CLR 3.0.30729; Media Center PC 6.0; .NET4.0C; .NET4.0E; InfoPath.3)","xmlrpc"
"172.69.165.22","2025-11-16T00:10:46Z","/xmlrpc.php","Mozilla/4.0 (compatible; MSIE 7.0; Windows NT 6.1; Trident/7.0; SLCC2; .NET CLR 2.0.50727; .NET CLR 3.5.30729; .NET CLR 3.0.30729; Media Center PC 6.0; .NET4.0C; .NET4.0E; InfoPath.3)","xmlrpc"
"172.69.176.8","2025-11-16T00:11:14Z","/xmlrpc.php","Mozilla/4.0 (compatible; MSIE 7.0; Windows NT 6.2; WOW64; Trident/7.0; .NET4.0C; .NET4.0E; .NET CLR 2.0.50727; .NET CLR 3.0.30729; .NET CLR 3.5.30729; Tablet PC 2.0)","xmlrpc"
"162.158.106.76","2025-11-16T00:11:35Z","/xmlrpc.php","Mozilla/4.0 (compatible; MSIE 7.0; Windows NT 6.2; WOW64; Trident/7.0; .NET4.0C; .NET4.0E; .NET CLR 2.0.50727; .NET CLR 3.0.30729; .NET CLR 3.5.30729; Tablet PC 2.0)","xmlrpc"
"172.71.81.168","2025-11-16T00:12:08Z","/xmlrpc.php","Mozilla/4.0 (compatible; MSIE 7.0; Windows NT 6.2; WOW64; Trident/7.0; .NET4.0C; .NET4.0E; .NET CLR 2.0.50727; .NET CLR 3.0.30729; .NET CLR 3.5.30729; Tablet PC 2.0)","xmlrpc"
"162.158.170.226","2025-11-16T00:12:21Z","/xmlrpc.php","Mozilla/4.0 (compatible; MSIE 7.0; Windows NT 6.2; WOW64; Trident/7.0; .NET4.0C; .NET4.0E; .NET CLR 2.0.50727; .NET CLR 3.0.30729; .NET CLR 3.5.30729; Tablet PC 2.0)","xmlrpc"
"172.69.165.22","2025-11-16T00:17:56Z","/xmlrpc.php","Mozilla/4.0 (compatible; MSIE 7.0; Windows NT 6.3; ARM; Trident/7.0; Touch; .NET4.0E; .NET4.0C; Tablet PC 2.0)","xmlrpc"
"172.71.81.168","2025-11-16T00:18:41Z","/xmlrpc.php","Mozilla/5.0 (Windows NT 6.3; Win64; x64) AppleWebKit/537.36 (KHTML, like Gecko) Chrome/66.0.3359.139 Safari/537.36","xmlrpc"
"172.70.208.135","2025-11-16T00:22:42Z","/xmlrpc.php","Mozilla/5.0 (Windows NT 10.0; Win64; x64; WebView/3.0) AppleWebKit/537.36 (KHTML, like Gecko) Chrome/52.0.2743.116 Safari/537.36 Edge/15.15063","xmlrpc"
"108.162.226.31","2025-11-16T00:24:26Z","/xmlrpc.php","Mozilla/4.0 (compatible; MSIE 7.0; Windows NT 6.3; WOW64; Trident/7.0; .NET4.0E; .NET4.0C; .NET CLR 3.5.30729; .NET CLR 2.0.50727; .NET CLR 3.0.30729)","xmlrpc"
"172.69.166.126","2025-11-16T00:24:59Z","/xmlrpc.php","Mozilla/4.0 (compatible; MSIE 7.0; Windows NT 6.1; Trident/7.0; SLCC2; .NET CLR 2.0.50727; .NET CLR 3.5.30729; .NET CLR 3.0.30729; Media Center PC 6.0; .NET4.0C; .NET4.0E; GWX:QUALIFIED)","xmlrpc"
"172.68.164.79","2025-11-16T00:28:40Z","/xmlrpc.php","Mozilla/5.0 (X11; Ubuntu; Linux x86_64; rv:85.0) Gecko/20100101 Firefox/91.0","xmlrpc"
"162.158.170.227","2025-11-16T00:30:33Z","/xmlrpc.php","Mozilla/4.0 (compatible; MSIE 7.0; Windows NT 6.1; Win64; x64; Trident/7.0; .NET CLR 2.0.50727; SLCC2; .NET CLR 3.5.30729; .NET CLR 3.0.30729; Media Center PC 6.0; .NET4.0C; .NET4.0E; Tablet PC 2.0)","xmlrpc"
"104.23.175.134","2025-11-16T00:30:34Z","/xmlrpc.php","Mozilla/4.0 (compatible; MSIE 7.0; Windows NT 6.1; Win64; x64; Trident/7.0; .NET CLR 2.0.50727; SLCC2; .NET CLR 3.5.30729; .NET CLR 3.0.30729; Media Center PC 6.0; .NET4.0C; .NET4.0E; Tablet PC 2.0)","xmlrpc"
"172.71.81.167","2025-11-16T00:30:36Z","/xmlrpc.php","Mozilla/4.0 (compatible; MSIE 7.0; Windows NT 6.1; Win64; x64; Trident/7.0; .NET CLR 2.0.50727; SLCC2; .NET CLR 3.5.30729; .NET CLR 3.0.30729; Media Center PC 6.0; .NET4.0C; .NET4.0E; Tablet PC 2.0)","xmlrpc"
"172.70.189.163","2025-11-16T00:30:38Z","/xmlrpc.php","Mozilla/4.0 (compatible; MSIE 7.0; Windows NT 6.1; Win64; x64; Trident/7.0; .NET CLR 2.0.50727; SLCC2; .NET CLR 3.5.30729; .NET CLR 3.0.30729; Media Center PC 6.0; .NET4.0C; .NET4.0E; Tablet PC 2.0)","xmlrpc"
"108.162.226.31","2025-11-16T00:30:39Z","/xmlrpc.php","Mozilla/4.0 (compatible; MSIE 7.0; Windows NT 6.1; Win64; x64; Trident/7.0; .NET CLR 2.0.50727; SLCC2; .NET CLR 3.5.30729; .NET CLR 3.0.30729; Media Center PC 6.0; .NET4.0C; .NET4.0E; Tablet PC 2.0)","xmlrpc"
"108.162.226.31","2025-11-16T00:30:43Z","/xmlrpc.php","Mozilla/4.0 (compatible; MSIE 7.0; Windows NT 6.1; Win64; x64; Trident/7.0; .NET CLR 2.0.50727; SLCC2; .NET CLR 3.5.30729; .NET CLR 3.0.30729; Media Center PC 6.0; .NET4.0C; .NET4.0E; Tablet PC 2.0)","xmlrpc"
"172.70.208.135","2025-11-16T00:30:47Z","/xmlrpc.php","Mozilla/4.0 (compatible; MSIE 7.0; Windows NT 6.1; Win64; x64; Trident/7.0; .NET CLR 2.0.50727; SLCC2; .NET CLR 3.5.30729; .NET CLR 3.0.30729; Media Center PC 6.0; .NET4.0C; .NET4.0E; Tablet PC 2.0)","xmlrpc"
"172.69.176.8","2025-11-16T00:30:50Z","/xmlrpc.php","Mozilla/4.0 (compatible; MSIE 7.0; Windows NT 6.1; Win64; x64; Trident/7.0; .NET CLR 2.0.50727; SLCC2; .NET CLR 3.5.30729; .NET CLR 3.0.30729; Media Center PC 6.0; .NET4.0C; .NET4.0E; Tablet PC 2.0)","xmlrpc"
"172.70.189.163","2025-11-16T00:32:00Z","/xmlrpc.php","Mozilla/5.0 (Windows NT 6.1; Trident/7.0; MALC; rv:11.0) like Gecko","xmlrpc"
"172.70.142.50","2025-11-16T00:32:17Z","/xmlrpc.php","Mozilla/5.0 (Windows NT 6.3; WOW64; Trident/7.0; MASEJS; rv:11.0) like Gecko","xmlrpc"
"162.158.106.76","2025-11-16T00:33:59Z","/xmlrpc.php","Mozilla/5.0 (Windows NT 10.0; Win64; x64) AppleWebKit/537.36 (KHTML, like Gecko) Chrome/95.0.4638.69 Safari/537.36","xmlrpc"
"172.71.124.165","2025-11-16T00:34:00Z","/xmlrpc.php","Mozilla/5.0 (Windows NT 10.0; Win64; x64) AppleWebKit/537.36 (KHTML, like Gecko) Chrome/95.0.4638.69 Safari/537.36","xmlrpc"
"162.158.88.170","2025-11-16T00:34:00Z","/xmlrpc.php","Mozilla/5.0 (Windows NT 10.0; Win64; x64) AppleWebKit/537.36 (KHTML, like Gecko) Chrome/95.0.4638.69 Safari/537.36","xmlrpc"
"162.158.108.95","2025-11-16T00:34:01Z","/xmlrpc.php","Mozilla/5.0 (Windows NT 10.0; Win64; x64) AppleWebKit/537.36 (KHTML, like Gecko) Chrome/95.0.4638.69 Safari/537.36","xmlrpc"
"162.158.108.95","2025-11-16T00:36:14Z","/xmlrpc.php","Mozilla/5.0 (Macintosh; Intel Mac OS X 10_11_6) AppleWebKit/603.3.8 (KHTML, like Gecko) Version/10.1.2 Safari/603.3.8","xmlrpc"
"172.70.208.135","2025-11-16T00:36:51Z","/xmlrpc.php","Mozilla/5.0 (Windows NT 6.1; WOW64; Trident/7.0; MDDCJS; rv:11.0) like Gecko","xmlrpc"
"172.71.124.165","2025-11-16T00:39:19Z","/xmlrpc.php","Mozilla/5.0 (Windows NT 10.0; Win64; x64) AppleWebKit/537.36 (KHTML, like Gecko) Chrome/67.0.3396.79 Safari/537.36","xmlrpc"
"172.71.124.165","2025-11-16T00:40:20Z","/xmlrpc.php","Mozilla/4.0 (compatible; MSIE 7.0; Windows NT 6.1; WOW64; Trident/7.0; SLCC2; .NET CLR 2.0.50727; .NET CLR 3.5.30729; .NET CLR 3.0.30729; Media Center PC 6.0; MASA; .NET4.0C; .NET4.0E; AskTbFWV5/5.15.29.67612)","xmlrpc"
"162.158.106.76","2025-11-16T00:40:21Z","/xmlrpc.php","Mozilla/4.0 (compatible; MSIE 7.0; Windows NT 6.1; WOW64; Trident/7.0; SLCC2; .NET CLR 2.0.50727; .NET CLR 3.5.30729; .NET CLR 3.0.30729; Media Center PC 6.0; MASA; .NET4.0C; .NET4.0E; AskTbFWV5/5.15.29.67612)","xmlrpc"
"172.71.124.165","2025-11-16T00:42:32Z","/xmlrpc.php","Mozilla/5.0 (Windows NT 10.0; Win64; x64) AppleWebKit/537.36 (KHTML, like Gecko) Chrome/66.0.3359.170 Safari/537.36","xmlrpc"
"162.158.106.76","2025-11-16T00:49:15Z","/xmlrpc.php","Mozilla/5.0 (Windows NT 6.3; WOW64; Trident/7.0; Touch; rv:11.0) like Gecko","xmlrpc"
"172.68.164.79","2025-11-16T00:49:46Z","/xmlrpc.php","Mozilla/5.0 (Windows NT 6.3; WOW64; Trident/7.0; Touch; rv:11.0) like Gecko","xmlrpc"
"172.69.166.126","2025-11-16T00:50:16Z","/xmlrpc.php","Mozilla/5.0 (Windows NT 6.3; WOW64; Trident/7.0; Touch; rv:11.0) like Gecko","xmlrpc"
"162.158.189.90","2025-11-16T00:50:35Z","/xmlrpc.php","Mozilla/5.0 (Windows NT 6.3; WOW64; Trident/7.0; Touch; rv:11.0) like Gecko","xmlrpc"
"172.69.165.23","2025-11-16T00:50:45Z","/xmlrpc.php","Mozilla/4.0 (compatible; MSIE 7.0; Windows NT 6.2; WOW64; Trident/7.0; .NET4.0E; .NET4.0C; Tablet PC 2.0; .NET CLR 3.5.30729; .NET CLR 2.0.50727; .NET CLR 3.0.30729; McAfee; LCJB)","xmlrpc"
"162.158.170.227","2025-11-16T00:50:45Z","/xmlrpc.php","Mozilla/5.0 (Windows NT 6.3; WOW64; Trident/7.0; Touch; rv:11.0) like Gecko","xmlrpc"
"172.69.166.126","2025-11-16T00:51:02Z","/xmlrpc.php","Mozilla/4.0 (compatible; MSIE 7.0; Windows NT 6.2; WOW64; Trident/7.0; .NET4.0E; .NET4.0C; Tablet PC 2.0; .NET CLR 3.5.30729; .NET CLR 2.0.50727; .NET CLR 3.0.30729; McAfee; LCJB)","xmlrpc"
"162.158.108.94","2025-11-16T00:51:17Z","/xmlrpc.php","Mozilla/4.0 (compatible; MSIE 7.0; Windows NT 6.2; WOW64; Trident/7.0; .NET4.0E; .NET4.0C; Tablet PC 2.0; .NET CLR 3.5.30729; .NET CLR 2.0.50727; .NET CLR 3.0.30729; McAfee; LCJB)","xmlrpc"
"172.69.176.8","2025-11-16T00:52:11Z","/xmlrpc.php","Mozilla/5.0 (X11; Ubuntu; Linux x86_64; rv:60.0) Gecko/20100101 Firefox/60.0","xmlrpc"
"172.71.81.167","2025-11-16T00:55:12Z","/xmlrpc.php","Mozilla/5.0 (Macintosh; Intel Mac OS X 10_12) AppleWebKit/602.1.40 (KHTML, like Gecko) Version/10.0 Safari/602.1.40","xmlrpc"
"172.70.208.135","2025-11-16T00:59:32Z","/xmlrpc.php","Mozilla/5.0 (Windows NT 6.3) AppleWebKit/537.36 (KHTML, like Gecko) Chrome/65.0.3325.181 Safari/537.36","xmlrpc"
"172.69.176.8","2025-11-16T00:59:50Z","/xmlrpc.php","Mozilla/5.0 (Windows NT 6.1; Trident/7.0; BOIE9;ENUS; rv:11.0) like Gecko","xmlrpc"
"104.23.175.134","2025-11-16T01:00:02Z","/xmlrpc.php","Mozilla/5.0 (Macintosh; Intel Mac OS X 10_13_1) AppleWebKit/604.3.1 (KHTML, like Gecko) Version/11.0.1 Safari/604.3.1","xmlrpc"
"172.69.165.23","2025-11-16T01:00:27Z","/xmlrpc.php","Mozilla/5.0 (Macintosh; Intel Mac OS X 10_13_1) AppleWebKit/604.3.1 (KHTML, like Gecko) Version/11.0.1 Safari/604.3.1","xmlrpc"
"172.70.93.115","2025-11-16T01:03:07Z","/xmlrpc.php","Mozilla/5.0 (Windows NT 10.0; WOW64; Trident/7.0; AS; rv:11.0) like Gecko","xmlrpc"
"162.158.106.76","2025-11-16T01:05:48Z","/xmlrpc.php","Mozilla/5.0 (Windows NT 6.3; WOW64; Trident/7.0; TAJB; rv:11.0) like Gecko","xmlrpc"
"162.158.170.227","2025-11-16T01:08:31Z","/xmlrpc.php","Mozilla/5.0 (Windows NT 10.0; WOW64; rv:60.0) Gecko/20100101 Firefox/60.0","xmlrpc"
"172.70.93.115","2025-11-16T01:09:38Z","/xmlrpc.php","Mozilla/5.0 (Windows NT 6.2; Win64; x64; rv:60.0) Gecko/20100101 Firefox/60.0","xmlrpc"
"162.158.106.76","2025-11-16T01:10:01Z","/xmlrpc.php","Mozilla/5.0 (Windows NT 6.2; Win64; x64; rv:60.0) Gecko/20100101 Firefox/60.0","xmlrpc"
"172.71.124.164","2025-11-16T01:10:33Z","/xmlrpc.php","Mozilla/4.0 (compatible; MSIE 7.0; Windows NT 6.1; Trident/7.0; SLCC2; .NET CLR 2.0.50727; .NET CLR 3.5.30729; .NET CLR 3.0.30729; Media Center PC 6.0; .NET4.0C; .NET4.0E; InfoPath.3)","xmlrpc"
"172.71.81.168","2025-11-16T01:11:00Z","/xmlrpc.php","Mozilla/4.0 (compatible; MSIE 7.0; Windows NT 6.1; Trident/7.0; SLCC2; .NET CLR 2.0.50727; .NET CLR 3.5.30729; .NET CLR 3.0.30729; Media Center PC 6.0; .NET4.0C; .NET4.0E; InfoPath.3)","xmlrpc"
"172.69.165.23","2025-11-16T01:11:16Z","/xmlrpc.php","Mozilla/4.0 (compatible; MSIE 7.0; Windows NT 6.1; Trident/7.0; SLCC2; .NET CLR 2.0.50727; .NET CLR 3.5.30729; .NET CLR 3.0.30729; Media Center PC 6.0; .NET4.0C; .NET4.0E; InfoPath.3)","xmlrpc"
"108.162.226.31","2025-11-16T01:11:34Z","/xmlrpc.php","Mozilla/5.0 (Windows NT 6.1) AppleWebKit/537.36 (KHTML, like Gecko) Chrome/66.0.3359.117 Safari/537.36","xmlrpc"
"172.70.208.135","2025-11-16T01:11:42Z","/xmlrpc.php","Mozilla/4.0 (compatible; MSIE 7.0; Windows NT 6.1; Trident/7.0; SLCC2; .NET CLR 2.0.50727; .NET CLR 3.5.30729; .NET CLR 3.0.30729; Media Center PC 6.0; .NET4.0C; .NET4.0E; InfoPath.3)","xmlrpc"
"172.69.176.8","2025-11-16T01:12:55Z","/xmlrpc.php","Mozilla/5.0 (Windows NT 6.1; Win64; x64) AppleWebKit/537.36 (KHTML, like Gecko) Chrome/52.0.2743.116 Safari/537.36 Edge/15.15063","xmlrpc"
"172.69.165.23","2025-11-16T01:13:18Z","/xmlrpc.php","Mozilla/5.0 (X11; Ubuntu; Linux x86_64; rv:85.0) Gecko/20100101 Firefox/91.0","xmlrpc"
"162.158.107.68","2025-11-16T01:20:51Z","/xmlrpc.php?rsd","Mozilla/5.0 (Windows NT 10.0; Win64; x64) AppleWebKit/537.36 (KHTML, like Gecko) Chrome/134.0.0.0 Safari/537.36","xmlrpc"
"172.70.142.50","2025-11-16T01:23:13Z","/xmlrpc.php","Mozilla/5.0 (Windows NT 6.1; Win64; x64) AppleWebKit/537.36 (KHTML, like Gecko) Chrome/66.0.3359.117 Safari/537.36","xmlrpc"
"108.162.226.31","2025-11-16T01:24:10Z","/xmlrpc.php","Mozilla/5.0 (Windows NT 10.0; WOW64) AppleWebKit/537.36 (KHTML, like Gecko) Chrome/66.0.3359.181 Safari/537.36","xmlrpc"
"172.69.166.126","2025-11-16T01:35:25Z","/xmlrpc.php","Mozilla/5.0 (Windows NT 10.0; WOW64; Trident/7.0; rv:11.0) like Gecko","xmlrpc"
"172.69.165.23","2025-11-16T01:35:27Z","/xmlrpc.php","Mozilla/5.0 (Windows NT 6.3; Win64; x64; Trident/7.0; Touch; MDDCJS; rv:11.0) like Gecko","xmlrpc"
"172.69.176.9","2025-11-16T01:35:45Z","/xmlrpc.php","Mozilla/4.0 (compatible; MSIE 7.0; Windows NT 6.1; WOW64; Trident/7.0; SLCC2; .NET CLR 2.0.50727; .NET CLR 3.5.30729; .NET CLR 3.0.30729; .NET CLR 1.1.4322; .NET4.0C; .NET4.0E)","xmlrpc"
"162.158.106.76","2025-11-16T01:35:47Z","/xmlrpc.php","Mozilla/4.0 (compatible; MSIE 7.0; Windows NT 6.1; WOW64; Trident/7.0; SLCC2; .NET CLR 2.0.50727; .NET CLR 3.5.30729; .NET CLR 3.0.30729; .NET CLR 1.1.4322; .NET4.0C; .NET4.0E)","xmlrpc"
"162.158.108.94","2025-11-16T01:35:49Z","/xmlrpc.php","Mozilla/4.0 (compatible; MSIE 7.0; Windows NT 6.1; WOW64; Trident/7.0; SLCC2; .NET CLR 2.0.50727; .NET CLR 3.5.30729; .NET CLR 3.0.30729; .NET CLR 1.1.4322; .NET4.0C; .NET4.0E)","xmlrpc"
"162.158.106.76","2025-11-16T01:35:49Z","/xmlrpc.php","Mozilla/4.0 (compatible; MSIE 7.0; Windows NT 6.1; WOW64; Trident/7.0; SLCC2; .NET CLR 2.0.50727; .NET CLR 3.5.30729; .NET CLR 3.0.30729; .NET CLR 1.1.4322; .NET4.0C; .NET4.0E)","xmlrpc"
"172.71.124.164","2025-11-16T01:36:51Z","/xmlrpc.php","Mozilla/5.0 (Windows NT 6.3; Win64; x64) AppleWebKit/537.36 (KHTML, like Gecko) Chrome/66.0.3359.117 Safari/537.36","xmlrpc"
"108.162.226.30","2025-11-16T01:41:20Z","/xmlrpc.php","Mozilla/4.0 (compatible; MSIE 7.0; Windows NT 6.1; WOW64; Trident/7.0; SLCC2; .NET CLR 2.0.50727; .NET CLR 3.5.30729; .NET CLR 3.0.30729; Media Center PC 6.0; .NET4.0C)","xmlrpc"
"172.71.81.168","2025-11-16T01:42:37Z","/xmlrpc.php","Mozilla/5.0 (X11; Ubuntu; Linux x86_64; rv:85.0) Gecko/20100101 Firefox/91.0","xmlrpc"
"172.70.93.115","2025-11-16T01:48:55Z","/xmlrpc.php","Mozilla/5.0 (Windows NT 6.1; WOW64; Trident/7.0; MDDSJS; rv:11.0) like Gecko","xmlrpc"
"108.162.226.30","2025-11-16T01:49:34Z","/xmlrpc.php","Mozilla/5.0 (Windows NT 6.1; Trident/7.0; SLCC2; .NET CLR 2.0.50727; .NET CLR 3.5.30729; .NET CLR 3.0.30729; Media Center PC 6.0; InfoPath.2; .NET4.0C; rv:11.0) like Gecko","xmlrpc"
"162.158.189.90","2025-11-16T01:49:42Z","/xmlrpc.php","Mozilla/5.0 (Windows NT 6.1; WOW64; Trident/7.0; MDDSJS; rv:11.0) like Gecko","xmlrpc"
"104.23.175.135","2025-11-16T01:50:41Z","/xmlrpc.php","Mozilla/5.0 (Windows NT 6.1; WOW64; Trident/7.0; MDDSJS; rv:11.0) like Gecko","xmlrpc"
"172.69.166.126","2025-11-16T01:51:01Z","/xmlrpc.php","Mozilla/5.0 (Windows NT 6.1; WOW64; Trident/7.0; BOIE9;ENGB; rv:11.0) like Gecko","xmlrpc"
"162.158.106.76","2025-11-16T01:51:13Z","/xmlrpc.php","Mozilla/5.0 (Windows NT 10.0; WOW64; Trident/7.0; yie11; rv:11.0) like Gecko","xmlrpc"
"172.71.81.168","2025-11-16T01:51:19Z","/xmlrpc.php","Mozilla/5.0 (Windows NT 10.0; WOW64; Trident/7.0; yie11; rv:11.0) like Gecko","xmlrpc"
"104.23.175.135","2025-11-16T01:51:26Z","/xmlrpc.php","Mozilla/5.0 (Windows NT 6.1; WOW64; Trident/7.0; BOIE9;ENGB; rv:11.0) like Gecko","xmlrpc"
"162.158.170.227","2025-11-16T01:51:34Z","/xmlrpc.php","Mozilla/5.0 (Windows NT 6.1; WOW64; Trident/7.0; MDDSJS; rv:11.0) like Gecko","xmlrpc"
"172.70.208.134","2025-11-16T01:51:57Z","/xmlrpc.php","Mozilla/5.0 (Windows NT 6.1; WOW64; Trident/7.0; MDDSJS; rv:11.0) like Gecko","xmlrpc"
"104.23.175.135","2025-11-16T01:52:19Z","/xmlrpc.php","Mozilla/5.0 (Windows NT 6.1; Win64; x64; Trident/7.0; rv:11.0) like Gecko","xmlrpc"
"172.70.143.210","2025-11-16T01:53:13Z","//xmlrpc.php?rsd","Mozilla/5.0 (Windows NT 10.0; Win64; x64) AppleWebKit/537.36 (KHTML, like Gecko) Chrome/78.0.3904.108 Safari/537.36","xmlrpc"
"104.23.175.135","2025-11-16T01:53:30Z","/xmlrpc.php?rsd","Mozilla/5.0 (Windows NT 10.0; Win64; x64) AppleWebKit/537.36 (KHTML, like Gecko) Chrome/78.0.3904.108 Safari/537.36","xmlrpc"
"172.69.166.126","2025-11-16T01:53:52Z","/xmlrpc.php","Mozilla/5.0 (Windows NT 10.0; Win64; x64) AppleWebKit/537.36 (KHTML, like Gecko) Chrome/78.0.3904.108 Safari/537.36","xmlrpc"
"162.158.88.170","2025-11-16T01:53:53Z","/xmlrpc.php","Mozilla/5.0 (Windows NT 10.0; Win64; x64) AppleWebKit/537.36 (KHTML, like Gecko) Chrome/78.0.3904.108 Safari/537.36","xmlrpc"
"172.70.208.134","2025-11-16T01:53:53Z","/xmlrpc.php","Mozilla/5.0 (Windows NT 10.0; Win64; x64) AppleWebKit/537.36 (KHTML, like Gecko) Chrome/78.0.3904.108 Safari/537.36","xmlrpc"
"172.69.176.8","2025-11-16T01:53:53Z","/xmlrpc.php","Mozilla/5.0 (Windows NT 10.0; Win64; x64) AppleWebKit/537.36 (KHTML, like Gecko) Chrome/78.0.3904.108 Safari/537.36","xmlrpc"
"172.70.93.115","2025-11-16T01:53:54Z","/xmlrpc.php","Mozilla/5.0 (Windows NT 10.0; Win64; x64) AppleWebKit/537.36 (KHTML, like Gecko) Chrome/78.0.3904.108 Safari/537.36","xmlrpc"
"172.69.166.126","2025-11-16T01:53:54Z","/xmlrpc.php","Mozilla/5.0 (Windows NT 10.0; Win64; x64) AppleWebKit/537.36 (KHTML, like Gecko) Chrome/78.0.3904.108 Safari/537.36","xmlrpc"
"162.158.106.76","2025-11-16T01:59:36Z","/xmlrpc.php","Mozilla/5.0 (Windows NT 6.3; WOW64; Trident/7.0; MAGWJS; rv:11.0) like Gecko","xmlrpc"
"108.162.226.30","2025-11-16T02:04:44Z","/xmlrpc.php","Mozilla/5.0 (Macintosh; Intel Mac OS X 10_11_6) AppleWebKit/537.36 (KHTML, like Gecko) Chrome/67.0.3396.62 Safari/537.36","xmlrpc"
"108.162.226.30","2025-11-16T02:05:09Z","/xmlrpc.php","Mozilla/5.0 (Macintosh; Intel Mac OS X 10_11_6) AppleWebKit/537.36 (KHTML, like Gecko) Chrome/67.0.3396.62 Safari/537.36","xmlrpc"
"162.158.106.76","2025-11-16T02:08:15Z","/xmlrpc.php","Mozilla/5.0 (X11; Ubuntu; Linux x86_64; rv:85.0) Gecko/20100101 Firefox/91.0","xmlrpc"
"172.68.164.79","2025-11-16T02:10:39Z","/xmlrpc.php","Mozilla/5.0 (Windows NT 6.3; WOW64; Trident/7.0; Touch; MALCJS; rv:11.0) like Gecko","xmlrpc"
"172.71.124.164","2025-11-16T02:12:04Z","/xmlrpc.php","Mozilla/5.0 (Windows NT 6.1; WOW64; Trident/7.0; EIE10;ENUSMSN; rv:11.0) like Gecko","xmlrpc"
"162.158.170.227","2025-11-16T02:13:37Z","/xmlrpc.php","Mozilla/5.0 (Windows NT 10.0; Win64; x64) AppleWebKit/537.36 (KHTML, like Gecko) Chrome/66.0.3359.139 Safari/537.36","xmlrpc"
"172.69.176.8","2025-11-16T02:15:07Z","/xmlrpc.php","Mozilla/5.0 (Windows NT 6.3; WOW64; Trident/7.0; AS; rv:11.0) like Gecko","xmlrpc"
"104.23.175.135","2025-11-16T02:17:22Z","/xmlrpc.php","Mozilla/5.0 (Windows NT 6.2; Win64; x64) AppleWebKit/537.36 (KHTML, like Gecko) Chrome/58.0.3029.110 Safari/537.36 Edge/16.16299","xmlrpc"
"172.70.189.164","2025-11-16T02:17:54Z","/xmlrpc.php","Mozilla/5.0 (Windows NT 6.2; Win64; x64) AppleWebKit/537.36 (KHTML, like Gecko) Chrome/58.0.3029.110 Safari/537.36 Edge/16.16299","xmlrpc"
"172.68.242.126","2025-11-16T02:18:18Z","//xmlrpc.php?rsd","Mozilla/5.0 (Windows NT 10.0; Win64; x64) AppleWebKit/537.36 (KHTML, like Gecko) Chrome/78.0.3904.108 Safari/537.36","xmlrpc"
"172.69.165.23","2025-11-16T02:19:40Z","/xmlrpc.php","Mozilla/5.0 (Macintosh; Intel Mac OS X 10_11_6) AppleWebKit/605.1.15 (KHTML, like Gecko) Version/11.1 Safari/605.1.15","xmlrpc"
"172.71.124.164","2025-11-16T02:19:45Z","/xmlrpc.php","Mozilla/5.0 (Macintosh; Intel Mac OS X 10_11_6) AppleWebKit/605.1.15 (KHTML, like Gecko) Version/11.1 Safari/605.1.15","xmlrpc"
"172.69.176.8","2025-11-16T02:19:49Z","/xmlrpc.php","Mozilla/5.0 (Macintosh; Intel Mac OS X 10_11_6) AppleWebKit/605.1.15 (KHTML, like Gecko) Version/11.1 Safari/605.1.15","xmlrpc"
"172.69.166.126","2025-11-16T02:19:52Z","/xmlrpc.php","Mozilla/5.0 (Macintosh; Intel Mac OS X 10_11_6) AppleWebKit/605.1.15 (KHTML, like Gecko) Version/11.1 Safari/605.1.15","xmlrpc"
"162.158.170.226","2025-11-16T02:20:00Z","/xmlrpc.php","Mozilla/5.0 (Macintosh; Intel Mac OS X 10_11_6) AppleWebKit/605.1.15 (KHTML, like Gecko) Version/11.1 Safari/605.1.15","xmlrpc"
"172.71.81.167","2025-11-16T02:20:16Z","/xmlrpc.php","Mozilla/5.0 (Macintosh; Intel Mac OS X 10_11_6) AppleWebKit/605.1.15 (KHTML, like Gecko) Version/11.1 Safari/605.1.15","xmlrpc"
"104.23.175.135","2025-11-16T02:20:32Z","/xmlrpc.php","Mozilla/5.0 (Macintosh; Intel Mac OS X 10_11_6) AppleWebKit/605.1.15 (KHTML, like Gecko) Version/11.1 Safari/605.1.15","xmlrpc"
"172.71.81.167","2025-11-16T02:20:45Z","/xmlrpc.php","Mozilla/5.0 (Macintosh; Intel Mac OS X 10_11_6) AppleWebKit/605.1.15 (KHTML, like Gecko) Version/11.1 Safari/605.1.15","xmlrpc"
"172.70.208.134","2025-11-16T02:22:19Z","/xmlrpc.php","Mozilla/5.0 (Windows NT 6.2; Win64; x64) AppleWebKit/537.36 (KHTML, like Gecko) Chrome/65.0.3325.181 Safari/537.36 OPR/52.0.2871.99","xmlrpc"
"172.70.189.163","2025-11-16T02:22:50Z","/xmlrpc.php","Mozilla/5.0 (Windows NT 6.2; Win64; x64) AppleWebKit/537.36 (KHTML, like Gecko) Chrome/65.0.3325.181 Safari/537.36 OPR/52.0.2871.99","xmlrpc"
"172.71.81.168","2025-11-16T02:23:30Z","/xmlrpc.php","Mozilla/5.0 (Windows NT 6.2; Win64; x64) AppleWebKit/537.36 (KHTML, like Gecko) Chrome/65.0.3325.181 Safari/537.36 OPR/52.0.2871.99","xmlrpc"
"162.158.108.5","2025-11-16T02:26:34Z","/xmlrpc.php","Mozilla/5.0 (Windows NT 10.0; WOW64; Trident/7.0; MAPBJS; rv:11.0) like Gecko","xmlrpc"
"162.158.170.226","2025-11-16T02:27:01Z","/xmlrpc.php","Mozilla/5.0 (Windows NT 10.0; WOW64; Trident/7.0; MAPBJS; rv:11.0) like Gecko","xmlrpc"
"162.158.162.86","2025-11-16T02:27:14Z","/xmlrpc.php","Mozilla/5.0 (Windows NT 6.1; WOW64; Trident/7.0; MALCJS; rv:11.0) like Gecko","xmlrpc"
"172.69.176.8","2025-11-16T02:31:19Z","/xmlrpc.php","Mozilla/5.0 (Windows NT 10.0; WOW64; Trident/7.0; yie11; rv:11.0) like Gecko","xmlrpc"
"108.162.226.30","2025-11-16T02:31:45Z","/xmlrpc.php","Mozilla/5.0 (Windows NT 10.0; WOW64; Trident/7.0; yie11; rv:11.0) like Gecko","xmlrpc"
"162.158.170.227","2025-11-16T02:31:46Z","/xmlrpc.php","Mozilla/5.0 (Windows NT 6.1; WOW64; Trident/7.0; EIE10;ENCAMSN; rv:11.0) like Gecko","xmlrpc"
"172.68.164.78","2025-11-16T02:36:26Z","/xmlrpc.php","Mozilla/5.0 (Windows NT 6.1; WOW64; Trident/7.0; EIE10;ENGBWOL; rv:11.0) like Gecko","xmlrpc"
"172.71.81.168","2025-11-16T02:37:42Z","/xmlrpc.php","Mozilla/5.0 (X11; Ubuntu; Linux x86_64; rv:85.0) Gecko/20100101 Firefox/91.0","xmlrpc"
"172.71.81.168","2025-11-16T02:39:34Z","/xmlrpc.php","Mozilla/4.0 (compatible; MSIE 8.0; Windows NT 6.1; WOW64; Trident/7.0; SLCC2; .NET CLR 2.0.50727; .NET CLR 3.5.30729; .NET CLR 3.0.30729; Media Center PC 6.0; .NET4.0C; .NET4.0E)","xmlrpc"
"172.71.81.168","2025-11-16T02:39:47Z","/xmlrpc.php","Mozilla/4.0 (compatible; MSIE 8.0; Windows NT 6.1; WOW64; Trident/7.0; SLCC2; .NET CLR 2.0.50727; .NET CLR 3.5.30729; .NET CLR 3.0.30729; Media Center PC 6.0; .NET4.0C; .NET4.0E)","xmlrpc"
"172.70.208.134","2025-11-16T02:40:05Z","/xmlrpc.php","Mozilla/5.0 (Windows NT 10.0) AppleWebKit/537.36 (KHTML, like Gecko) Chrome/65.0.3325.181 Safari/537.36","xmlrpc"
"172.70.208.134","2025-11-16T02:49:04Z","/xmlrpc.php","Mozilla/5.0 (Windows NT 10.0; Win64; x64; WebView/3.0) AppleWebKit/537.36 (KHTML, like Gecko) Chrome/58.0.3029.110 Safari/537.36 Edge/16.16299","xmlrpc"
"172.71.124.41","2025-11-16T02:50:09Z","/xmlrpc.php","Mozilla/5.0 (Macintosh; Intel Mac OS X 10_11_6) AppleWebKit/602.4.8 (KHTML, like Gecko) Version/10.0.3 Safari/602.4.8","xmlrpc"
"172.70.189.164","2025-11-16T02:52:22Z","/xmlrpc.php","Mozilla/5.0 (MSIE 9.0; Windows NT 6.1; WOW64; Trident/7.0; rv:11.0) like Gecko","xmlrpc"
"162.158.106.77","2025-11-16T02:52:32Z","/xmlrpc.php","Mozilla/5.0 (MSIE 9.0; Windows NT 6.1; WOW64; Trident/7.0; rv:11.0) like Gecko","xmlrpc"
"172.70.208.135","2025-11-16T02:52:37Z","/xmlrpc.php","Mozilla/5.0 (MSIE 9.0; Windows NT 6.1; WOW64; Trident/7.0; rv:11.0) like Gecko","xmlrpc"
"172.69.165.23","2025-11-16T02:52:39Z","/xmlrpc.php","Mozilla/5.0 (MSIE 9.0; Windows NT 6.1; WOW64; Trident/7.0; rv:11.0) like Gecko","xmlrpc"
"104.23.175.135","2025-11-16T02:56:06Z","/xmlrpc.php","Mozilla/5.0 (Windows NT 10.0; WOW64; Trident/7.0; Touch; MAARJS; rv:11.0) like Gecko","xmlrpc"
"104.23.175.135","2025-11-16T02:58:47Z","/xmlrpc.php","Mozilla/5.0 (Macintosh; Intel Mac OS X 10_12_6) AppleWebKit/537.36 (KHTML, like Gecko) Chrome/67.0.3396.79 Safari/537.36","xmlrpc"
"162.158.88.171","2025-11-16T02:58:48Z","/xmlrpc.php","Mozilla/5.0 (Macintosh; Intel Mac OS X 10_12_6) AppleWebKit/537.36 (KHTML, like Gecko) Chrome/67.0.3396.79 Safari/537.36","xmlrpc"
"172.71.124.41","2025-11-16T02:58:51Z","/xmlrpc.php","Mozilla/5.0 (Macintosh; Intel Mac OS X 10_12_6) AppleWebKit/537.36 (KHTML, like Gecko) Chrome/67.0.3396.79 Safari/537.36","xmlrpc"
"108.162.226.30","2025-11-16T03:00:24Z","/xmlrpc.php","Mozilla/5.0 (Macintosh; Intel Mac OS X 10_12_6) AppleWebKit/537.36 (KHTML, like Gecko) Chrome/67.0.3396.62 Safari/537.36","xmlrpc"
"104.23.175.135","2025-11-16T03:00:30Z","/xmlrpc.php","Mozilla/5.0 (Macintosh; Intel Mac OS X 10_12_6) AppleWebKit/537.36 (KHTML, like Gecko) Chrome/67.0.3396.62 Safari/537.36","xmlrpc"
"162.158.189.91","2025-11-16T03:00:33Z","/xmlrpc.php","Mozilla/5.0 (Macintosh; Intel Mac OS X 10_12_6) AppleWebKit/537.36 (KHTML, like Gecko) Chrome/67.0.3396.62 Safari/537.36","xmlrpc"
"162.158.108.95","2025-11-16T03:00:35Z","/xmlrpc.php","Mozilla/5.0 (Macintosh; Intel Mac OS X 10_12_6) AppleWebKit/537.36 (KHTML, like Gecko) Chrome/67.0.3396.62 Safari/537.36","xmlrpc"
"162.158.189.91","2025-11-16T03:00:42Z","/xmlrpc.php","Mozilla/5.0 (Macintosh; Intel Mac OS X 10_12_6) AppleWebKit/537.36 (KHTML, like Gecko) Chrome/67.0.3396.62 Safari/537.36","xmlrpc"
"162.158.106.76","2025-11-16T03:00:47Z","/xmlrpc.php","Mozilla/5.0 (Windows NT 6.1; Win64; x64) AppleWebKit/537.36 (KHTML, like Gecko) Chrome/65.0.3325.181 Safari/537.36 OPR/52.0.2871.40","xmlrpc"
"172.69.176.9","2025-11-16T03:00:50Z","/xmlrpc.php","Mozilla/5.0 (Macintosh; Intel Mac OS X 10_12_6) AppleWebKit/537.36 (KHTML, like Gecko) Chrome/67.0.3396.62 Safari/537.36","xmlrpc"
"172.71.124.41","2025-11-16T03:00:50Z","/xmlrpc.php","Mozilla/5.0 (Windows NT 6.1; Win64; x64) AppleWebKit/537.36 (KHTML, like Gecko) Chrome/65.0.3325.181 Safari/537.36 OPR/52.0.2871.40","xmlrpc"
"162.158.189.91","2025-11-16T03:00:52Z","/xmlrpc.php","Mozilla/5.0 (Windows NT 6.1; Win64; x64) AppleWebKit/537.36 (KHTML, like Gecko) Chrome/65.0.3325.181 Safari/537.36 OPR/52.0.2871.40","xmlrpc"
"172.70.93.115","2025-11-16T03:00:56Z","/xmlrpc.php","Mozilla/5.0 (Macintosh; Intel Mac OS X 10_12_6) AppleWebKit/537.36 (KHTML, like Gecko) Chrome/67.0.3396.62 Safari/537.36","xmlrpc"
"172.70.189.164","2025-11-16T03:00:56Z","/xmlrpc.php","Mozilla/5.0 (Windows NT 6.1; Win64; x64) AppleWebKit/537.36 (KHTML, like Gecko) Chrome/65.0.3325.181 Safari/537.36 OPR/52.0.2871.40","xmlrpc"
"172.70.189.164","2025-11-16T03:01:00Z","/xmlrpc.php","Mozilla/5.0 (Windows NT 6.1; Win64; x64) AppleWebKit/537.36 (KHTML, like Gecko) Chrome/65.0.3325.181 Safari/537.36 OPR/52.0.2871.40","xmlrpc"
"172.69.176.9","2025-11-16T03:01:02Z","/xmlrpc.php","Mozilla/5.0 (Macintosh; Intel Mac OS X 10_12_6) AppleWebKit/537.36 (KHTML, like Gecko) Chrome/67.0.3396.62 Safari/537.36","xmlrpc"
"172.68.164.79","2025-11-16T03:04:20Z","/xmlrpc.php","Mozilla/5.0 (X11; Ubuntu; Linux x86_64; rv:85.0) Gecko/20100101 Firefox/91.0","xmlrpc"
"172.70.189.163","2025-11-16T03:04:52Z","/xmlrpc.php","Mozilla/4.0 (compatible; MSIE 7.0; Windows NT 6.2; Win64; x64; Trident/7.0; .NET4.0C; .NET4.0E; .NET CLR 2.0.50727; .NET CLR 3.0.30729; .NET CLR 3.5.30729)","xmlrpc"
"172.68.164.79","2025-11-16T03:05:30Z","/xmlrpc.php","Mozilla/5.0 (Windows NT 10.0; WOW64; Trident/7.0; yie10; rv:11.0) like Gecko","xmlrpc"
"162.158.106.77","2025-11-16T03:08:56Z","/xmlrpc.php","Mozilla/5.0 (Windows NT 6.3; Win64; x64; Trident/7.0; MAGWJS; rv:11.0) like Gecko","xmlrpc"
"172.68.164.78","2025-11-16T03:08:59Z","/xmlrpc.php","Mozilla/5.0 (Windows NT 6.3; Win64; x64; Trident/7.0; MAGWJS; rv:11.0) like Gecko","xmlrpc"
"172.70.142.50","2025-11-16T03:11:16Z","/xmlrpc.php","Mozilla/5.0 (X11; Ubuntu; Linux x86_64; rv:60.0) Gecko/20100101 Firefox/60.0","xmlrpc"
"172.71.81.167","2025-11-16T03:12:58Z","/xmlrpc.php","Mozilla/5.0 (Windows NT 6.1; rv:60.0) Gecko/20100101 Firefox/60.0","xmlrpc"
"104.23.175.134","2025-11-16T03:14:47Z","/xmlrpc.php","Mozilla/4.0 (compatible; MSIE 7.0; Windows NT 6.1; WOW64; Trident/7.0; SLCC2; .NET CLR 2.0.50727; .NET CLR 3.5.30729; .NET CLR 3.0.30729; .NET4.0C; .NET4.0E; Media Center PC 6.0)","xmlrpc"
"172.70.93.114","2025-11-16T03:19:22Z","/xmlrpc.php","Mozilla/5.0 (Macintosh; Intel Mac OS X 10_13_4) AppleWebKit/537.36 (KHTML, like Gecko) Chrome/65.0.3325.181 Safari/537.36","xmlrpc"
"162.158.170.227","2025-11-16T03:20:09Z","/xmlrpc.php","Mozilla/5.0 (Macintosh; Intel Mac OS X 10_10_5) AppleWebKit/602.2.14 (KHTML, like Gecko) Version/10.0.1 Safari/602.2.14","xmlrpc"
"172.70.208.135","2025-11-16T03:20:52Z","/xmlrpc.php","Mozilla/5.0 (Windows NT 6.3; Win64; x64) AppleWebKit/537.36 (KHTML, like Gecko) Chrome/65.0.3325.146 Safari/537.36","xmlrpc"
"172.70.93.114","2025-11-16T03:21:14Z","/xmlrpc.php","Mozilla/5.0 (Windows NT 6.2; Win64; x64) AppleWebKit/537.36 (KHTML, like Gecko) Chrome/66.0.3359.139 Safari/537.36","xmlrpc"
"172.71.124.40","2025-11-16T03:21:21Z","/xmlrpc.php","Mozilla/5.0 (Windows NT 6.3; Win64; x64) AppleWebKit/537.36 (KHTML, like Gecko) Chrome/65.0.3325.146 Safari/537.36","xmlrpc"
"172.70.208.135","2025-11-16T03:21:49Z","/xmlrpc.php","Mozilla/5.0 (Windows NT 6.3; Win64; x64) AppleWebKit/537.36 (KHTML, like Gecko) Chrome/65.0.3325.146 Safari/537.36","xmlrpc"
"162.158.170.226","2025-11-16T03:22:24Z","/xmlrpc.php","Mozilla/5.0 (Windows NT 6.3; Win64; x64) AppleWebKit/537.36 (KHTML, like Gecko) Chrome/65.0.3325.146 Safari/537.36","xmlrpc"
"162.158.170.227","2025-11-16T03:29:27Z","/xmlrpc.php","Mozilla/4.0 (compatible; MSIE 7.0; Windows NT 6.1; WOW64; Trident/7.0; SLCC2; .NET CLR 2.0.50727; .NET CLR 3.5.30729; .NET CLR 3.0.30729; Media Center PC 6.0; .NET4.0C; .NET4.0E; MS-RTC LM 8; InfoPath.3)","xmlrpc"
"172.70.208.134","2025-11-16T03:30:43Z","/xmlrpc.php","Mozilla/4.0 (compatible; MSIE 7.0; Windows NT 6.2; Win64; x64; Trident/7.0; .NET4.0E; .NET4.0C; .NET CLR 3.5.30729; .NET CLR 2.0.50727; .NET CLR 3.0.30729; InfoPath.3)","xmlrpc"
"162.158.106.76","2025-11-16T03:31:17Z","/xmlrpc.php","Mozilla/5.0 (Windows NT 10.0; Win64; x64) AppleWebKit/537.36 (KHTML, like Gecko) Chrome/65.0.3325.181 Safari/537.36 OPR/52.0.2871.40","xmlrpc"
"172.69.176.8","2025-11-16T03:34:00Z","/xmlrpc.php","Mozilla/5.0 (X11; Ubuntu; Linux x86_64; rv:85.0) Gecko/20100101 Firefox/91.0","xmlrpc"
"162.158.106.77","2025-11-16T03:37:07Z","/xmlrpc.php","Mozilla/5.0 (Windows NT 10.0; WOW64) AppleWebKit/537.36 (KHTML, like Gecko) Chrome/65.0.3325.181 Safari/537.36 OPR/52.0.2871.64","xmlrpc"
"162.158.88.171","2025-11-16T03:38:07Z","/xmlrpc.php","Mozilla/5.0 (Windows NT 10.0; WOW64) AppleWebKit/537.36 (KHTML, like Gecko) Chrome/63.0.3239.132 Safari/537.36 OPR/50.0.2762.67","xmlrpc"
"162.158.108.94","2025-11-16T03:38:10Z","/xmlrpc.php","Mozilla/5.0 (Windows NT 10.0; WOW64) AppleWebKit/537.36 (KHTML, like Gecko) Chrome/63.0.3239.132 Safari/537.36 OPR/50.0.2762.67","xmlrpc"
"172.69.166.126","2025-11-16T03:38:13Z","/xmlrpc.php","Mozilla/5.0 (Windows NT 10.0; WOW64) AppleWebKit/537.36 (KHTML, like Gecko) Chrome/63.0.3239.132 Safari/537.36 OPR/50.0.2762.67","xmlrpc"
"162.158.88.171","2025-11-16T03:38:16Z","/xmlrpc.php","Mozilla/5.0 (Windows NT 10.0; WOW64) AppleWebKit/537.36 (KHTML, like Gecko) Chrome/63.0.3239.132 Safari/537.36 OPR/50.0.2762.67","xmlrpc"
"172.70.93.115","2025-11-16T03:38:19Z","/xmlrpc.php","Mozilla/5.0 (Windows NT 10.0; WOW64) AppleWebKit/537.36 (KHTML, like Gecko) Chrome/63.0.3239.132 Safari/537.36 OPR/50.0.2762.67","xmlrpc"
"172.71.81.168","2025-11-16T03:38:22Z","/xmlrpc.php","Mozilla/5.0 (Windows NT 10.0; WOW64) AppleWebKit/537.36 (KHTML, like Gecko) Chrome/63.0.3239.132 Safari/537.36 OPR/50.0.2762.67","xmlrpc"
"108.162.226.31","2025-11-16T03:38:25Z","/xmlrpc.php","Mozilla/5.0 (Windows NT 10.0; WOW64) AppleWebKit/537.36 (KHTML, like Gecko) Chrome/63.0.3239.132 Safari/537.36 OPR/50.0.2762.67","xmlrpc"
"172.69.176.8","2025-11-16T03:38:27Z","/xmlrpc.php","Mozilla/5.0 (Windows NT 10.0; WOW64) AppleWebKit/537.36 (KHTML, like Gecko) Chrome/63.0.3239.132 Safari/537.36 OPR/50.0.2762.67","xmlrpc"
"172.69.165.22","2025-11-16T03:39:26Z","/xmlrpc.php","Mozilla/4.0 (compatible; MSIE 7.0; Windows NT 6.1; Win64; x64; Trident/7.0; .NET CLR 2.0.50727; SLCC2; .NET CLR 3.5.30729; .NET CLR 3.0.30729; Media Center PC 6.0; .NET4.0C; .NET4.0E; InfoPath.3; Tablet PC 2.0)","xmlrpc"
"172.69.166.126","2025-11-16T03:39:38Z","/xmlrpc.php","Mozilla/4.0 (compatible; MSIE 7.0; Windows NT 6.1; Win64; x64; Trident/7.0; .NET CLR 2.0.50727; SLCC2; .NET CLR 3.5.30729; .NET CLR 3.0.30729; Media Center PC 6.0; .NET4.0C; .NET4.0E; InfoPath.3; Tablet PC 2.0)","xmlrpc"
"108.162.226.30","2025-11-16T03:44:05Z","/xmlrpc.php","Mozilla/4.0 (compatible; MSIE 7.0; Windows NT 6.2; WOW64; Trident/7.0; .NET4.0C; .NET4.0E; Tablet PC 2.0; .NET CLR 2.0.50727; .NET CLR 3.0.30729; .NET CLR 3.5.30729)","xmlrpc"
"172.68.164.78","2025-11-16T03:44:08Z","/xmlrpc.php","Mozilla/4.0 (compatible; MSIE 7.0; Windows NT 6.2; WOW64; Trident/7.0; .NET4.0C; .NET4.0E; Tablet PC 2.0; .NET CLR 2.0.50727; .NET CLR 3.0.30729; .NET CLR 3.5.30729)","xmlrpc"
"172.68.164.78","2025-11-16T03:44:25Z","/xmlrpc.php","Mozilla/4.0 (compatible; MSIE 7.0; Windows NT 6.2; WOW64; Trident/7.0; .NET4.0C; .NET4.0E; Tablet PC 2.0; .NET CLR 2.0.50727; .NET CLR 3.0.30729; .NET CLR 3.5.30729)","xmlrpc"
"172.69.176.8","2025-11-16T03:44:30Z","/xmlrpc.php","Mozilla/4.0 (compatible; MSIE 7.0; Windows NT 6.2; WOW64; Trident/7.0; .NET4.0C; .NET4.0E; Tablet PC 2.0; .NET CLR 2.0.50727; .NET CLR 3.0.30729; .NET CLR 3.5.30729)","xmlrpc"
"162.158.170.227","2025-11-16T03:44:35Z","/xmlrpc.php","Mozilla/4.0 (compatible; MSIE 7.0; Windows NT 6.2; WOW64; Trident/7.0; .NET4.0C; .NET4.0E; Tablet PC 2.0; .NET CLR 2.0.50727; .NET CLR 3.0.30729; .NET CLR 3.5.30729)","xmlrpc"
"162.158.108.95","2025-11-16T03:44:53Z","/xmlrpc.php","Mozilla/4.0 (compatible; MSIE 7.0; Windows NT 6.2; WOW64; Trident/7.0; .NET4.0C; .NET4.0E; Tablet PC 2.0; .NET CLR 2.0.50727; .NET CLR 3.0.30729; .NET CLR 3.5.30729)","xmlrpc"
"172.70.142.50","2025-11-16T03:47:07Z","/xmlrpc.php","Mozilla/5.0 (Windows NT 6.3; WOW64; Trident/7.0; MAMIJS; rv:11.0) like Gecko","xmlrpc"
"172.71.81.167","2025-11-16T03:47:35Z","/xmlrpc.php","Mozilla/5.0 (Windows NT 6.2; Win64; x64; rv:60.0) Gecko/20100101 Firefox/60.0","xmlrpc"
"172.70.208.134","2025-11-16T03:47:40Z","/xmlrpc.php","Mozilla/5.0 (Windows NT 6.3; WOW64; Trident/7.0; MAMIJS; rv:11.0) like Gecko","xmlrpc"
"172.70.142.50","2025-11-16T03:54:03Z","/xmlrpc.php","Mozilla/5.0 (Windows NT 10.0; WOW64; Trident/7.0; MAARJS; rv:11.0) like Gecko","xmlrpc"
"162.158.108.94","2025-11-16T03:54:20Z","/xmlrpc.php","Mozilla/5.0 (Windows NT 10.0; WOW64; Trident/7.0; MAARJS; rv:11.0) like Gecko","xmlrpc"
"172.68.164.78","2025-11-16T03:54:28Z","/xmlrpc.php","Mozilla/5.0 (Windows NT 10.0; WOW64; Trident/7.0; MAARJS; rv:11.0) like Gecko","xmlrpc"
"172.71.81.167","2025-11-16T03:54:30Z","/xmlrpc.php","Mozilla/5.0 (Windows NT 10.0; WOW64; Trident/7.0; MAARJS; rv:11.0) like Gecko","xmlrpc"
"162.158.88.170","2025-11-16T03:54:32Z","/xmlrpc.php","Mozilla/5.0 (Windows NT 10.0; WOW64; Trident/7.0; MAARJS; rv:11.0) like Gecko","xmlrpc"
"172.70.208.135","2025-11-16T03:54:34Z","/xmlrpc.php","Mozilla/5.0 (Windows NT 10.0; WOW64; Trident/7.0; MAARJS; rv:11.0) like Gecko","xmlrpc"
"172.69.176.8","2025-11-16T03:54:36Z","/xmlrpc.php","Mozilla/5.0 (Windows NT 10.0; WOW64; Trident/7.0; MAARJS; rv:11.0) like Gecko","xmlrpc"
"172.70.142.50","2025-11-16T03:54:37Z","/xmlrpc.php","Mozilla/5.0 (Windows NT 10.0; WOW64; Trident/7.0; MAARJS; rv:11.0) like Gecko","xmlrpc"
"172.69.176.8","2025-11-16T03:56:15Z","/xmlrpc.php","Mozilla/5.0 (Macintosh; Intel Mac OS X 10_11_6) AppleWebKit/537.36 (KHTML, like Gecko) Chrome/66.0.3359.139 Safari/537.36","xmlrpc"
"172.70.142.50","2025-11-16T03:57:57Z","/xmlrpc.php","Mozilla/5.0 (Windows NT 10.0; WOW64; Trident/7.0; MDDSJS; rv:11.0) like Gecko","xmlrpc"
"104.23.175.134","2025-11-16T03:58:15Z","/xmlrpc.php","Mozilla/5.0 (Windows NT 10.0; WOW64; Trident/7.0; MDDSJS; rv:11.0) like Gecko","xmlrpc"
"162.158.88.171","2025-11-16T04:01:21Z","/xmlrpc.php","Mozilla/5.0 (Windows NT 10.0; WOW64; Trident/7.0; MDDRJS; rv:11.0) like Gecko","xmlrpc"
"172.69.166.126","2025-11-16T04:02:45Z","/xmlrpc.php","Mozilla/5.0 (Windows NT 6.0; Win64; x64) AppleWebKit/537.36 (KHTML, like Gecko) Chrome/58.0.3029.110 Safari/537.36 Edge/16.16299","xmlrpc"
"104.23.175.135","2025-11-16T04:02:59Z","/xmlrpc.php","Mozilla/5.0 (Windows NT 6.1) AppleWebKit/537.36 (KHTML, like Gecko) Chrome/67.0.3396.62 Safari/537.36","xmlrpc"
"172.71.81.167","2025-11-16T04:03:13Z","/xmlrpc.php","Mozilla/5.0 (Windows NT 6.0; Win64; x64) AppleWebKit/537.36 (KHTML, like Gecko) Chrome/58.0.3029.110 Safari/537.36 Edge/16.16299","xmlrpc"
"162.158.170.226","2025-11-16T04:03:15Z","/xmlrpc.php","Mozilla/5.0 (Windows NT 6.1) AppleWebKit/537.36 (KHTML, like Gecko) Chrome/67.0.3396.62 Safari/537.36","xmlrpc"
"108.162.226.30","2025-11-16T04:03:44Z","/xmlrpc.php","Mozilla/5.0 (Windows NT 6.0; Win64; x64) AppleWebKit/537.36 (KHTML, like Gecko) Chrome/58.0.3029.110 Safari/537.36 Edge/16.16299","xmlrpc"
"172.71.81.167","2025-11-16T04:04:17Z","/xmlrpc.php","Mozilla/5.0 (Windows NT 6.0; Win64; x64) AppleWebKit/537.36 (KHTML, like Gecko) Chrome/58.0.3029.110 Safari/537.36 Edge/16.16299","xmlrpc"
"162.158.106.76","2025-11-16T04:04:40Z","/xmlrpc.php","Mozilla/5.0 (Windows NT 6.0; Win64; x64) AppleWebKit/537.36 (KHTML, like Gecko) Chrome/58.0.3029.110 Safari/537.36 Edge/16.16299","xmlrpc"
"108.162.226.30","2025-11-16T04:04:58Z","/xmlrpc.php","Mozilla/5.0 (Windows NT 6.0; Win64; x64) AppleWebKit/537.36 (KHTML, like Gecko) Chrome/58.0.3029.110 Safari/537.36 Edge/16.16299","xmlrpc"
"172.70.142.50","2025-11-16T04:05:05Z","/xmlrpc.php","Mozilla/5.0 (Windows NT 6.0; Win64; x64) AppleWebKit/537.36 (KHTML, like Gecko) Chrome/58.0.3029.110 Safari/537.36 Edge/16.16299","xmlrpc"
"172.70.93.115","2025-11-16T04:05:08Z","/xmlrpc.php","Mozilla/5.0 (Windows NT 6.0; Win64; x64) AppleWebKit/537.36 (KHTML, like Gecko) Chrome/58.0.3029.110 Safari/537.36 Edge/16.16299","xmlrpc"
"172.68.164.79","2025-11-16T04:05:22Z","/xmlrpc.php","Mozilla/5.0 (Macintosh; Intel Mac OS X 10_13_5) AppleWebKit/537.36 (KHTML, like Gecko) Chrome/67.0.3396.87 Safari/537.36","xmlrpc"
"162.158.170.226","2025-11-16T04:05:36Z","/xmlrpc.php","Mozilla/5.0 (Macintosh; Intel Mac OS X 10_13_5) AppleWebKit/537.36 (KHTML, like Gecko) Chrome/67.0.3396.87 Safari/537.36","xmlrpc"
"162.158.106.76","2025-11-16T04:06:51Z","/xmlrpc.php","Mozilla/5.0 (Macintosh; Intel Mac OS X 10_10_5) AppleWebKit/603.2.5 (KHTML, like Gecko) Version/10.1.1 Safari/603.2.5","xmlrpc"
"104.23.175.134","2025-11-16T04:16:07Z","/xmlrpc.php","Mozilla/5.0 (Macintosh; Intel Mac OS X 10_13_1) AppleWebKit/537.36 (KHTML, like Gecko) Chrome/65.0.3325.162 Safari/537.36","xmlrpc"
"162.158.189.90","2025-11-16T04:16:08Z","/xmlrpc.php","Mozilla/5.0 (Macintosh; Intel Mac OS X 10_9_5) AppleWebKit/537.36 (KHTML, like Gecko) Chrome/66.0.3359.181 Safari/537.36","xmlrpc"
"172.70.208.135","2025-11-16T04:16:14Z","/xmlrpc.php","Mozilla/5.0 (Macintosh; Intel Mac OS X 10_9_5) AppleWebKit/537.36 (KHTML, like Gecko) Chrome/66.0.3359.181 Safari/537.36","xmlrpc"
"172.70.93.115","2025-11-16T04:18:31Z","/xmlrpc.php","Mozilla/4.0 (compatible; MSIE 7.0; Windows NT 6.1; WOW64; Trident/7.0; SLCC2; .NET CLR 2.0.50727; .NET CLR 3.5.30729; .NET CLR 3.0.30729; Media Center PC 6.0; .NET4.0C; .NET4.0E; MS-RTC LM 8)","xmlrpc"
"162.158.108.95","2025-11-16T04:21:49Z","/xmlrpc.php","Mozilla/5.0 (Windows NT 10.0; Win64; x64; rv:61.0) Gecko/20100101 Firefox/61.0","xmlrpc"
"162.158.108.95","2025-11-16T04:23:40Z","/xmlrpc.php","Mozilla/5.0 (Macintosh; Intel Mac OS X 10_10_5) AppleWebKit/602.1.50 (KHTML, like Gecko) Version/10.0 Safari/602.1.50","xmlrpc"
"172.69.165.23","2025-11-16T04:26:30Z","/xmlrpc.php","Mozilla/5.0 (Macintosh; Intel Mac OS X 10_11_6) AppleWebKit/537.36 (KHTML, like Gecko) Chrome/66.0.3359.117 Safari/537.36","xmlrpc"
"172.70.142.50","2025-11-16T04:27:32Z","/xmlrpc.php","Mozilla/5.0 (Macintosh; Intel Mac OS X 10_14) AppleWebKit/605.1.15 (KHTML, like Gecko) Version/12.0 Safari/605.1.15","xmlrpc"
"162.158.189.91","2025-11-16T04:30:37Z","/xmlrpc.php","Mozilla/5.0 (Windows NT 6.1; Win64; x64) AppleWebKit/537.36 (KHTML, like Gecko) Chrome/65.0.3325.181 Safari/537.36 OPR/52.0.2871.40","xmlrpc"
"172.70.189.163","2025-11-16T04:30:51Z","/xmlrpc.php","Mozilla/4.0 (compatible; MSIE 7.0; Windows NT 10.0; WOW64; Trident/7.0; .NET4.0C; .NET4.0E; .NET CLR 2.0.50727; .NET CLR 3.0.30729; .NET CLR 3.5.30729; ms-office)","xmlrpc"
"162.158.88.171","2025-11-16T04:31:01Z","/xmlrpc.php","Mozilla/4.0 (compatible; MSIE 7.0; Windows NT 10.0; WOW64; Trident/7.0; .NET4.0C; .NET4.0E; .NET CLR 2.0.50727; .NET CLR 3.0.30729; .NET CLR 3.5.30729; ms-office)","xmlrpc"
"162.158.88.171","2025-11-16T04:31:02Z","/xmlrpc.php","Mozilla/5.0 (Windows NT 6.1; Win64; x64) AppleWebKit/537.36 (KHTML, like Gecko) Chrome/64.0.3282.186 Safari/537.36 OPR/51.0.2830.55","xmlrpc"
"104.23.175.134","2025-11-16T04:31:53Z","/xmlrpc.php","Mozilla/4.0 (compatible; MSIE 7.0; Windows NT 10.0; WOW64; Trident/7.0; .NET4.0C; .NET4.0E; .NET CLR 2.0.50727; .NET CLR 3.0.30729; .NET CLR 3.5.30729; ms-office)","xmlrpc"
"162.158.106.77","2025-11-16T04:32:07Z","/xmlrpc.php","Mozilla/4.0 (compatible; MSIE 7.0; Windows NT 10.0; WOW64; Trident/7.0; .NET4.0C; .NET4.0E; .NET CLR 2.0.50727; .NET CLR 3.0.30729; .NET CLR 3.5.30729; ms-office)","xmlrpc"
"172.70.189.163","2025-11-16T04:41:39Z","/xmlrpc.php","Mozilla/4.0 (compatible; MSIE 7.0; Windows NT 6.1; WOW64; Trident/7.0; SLCC2; .NET CLR 2.0.50727; .NET4.0C; .NET4.0E; FBViewer-6.0.4.0)","xmlrpc"
"162.158.108.94","2025-11-16T04:42:34Z","/xmlrpc.php","Mozilla/4.0 (compatible; MSIE 7.0; Windows NT 6.1; WOW64; Trident/7.0; SLCC2; .NET CLR 2.0.50727; .NET4.0C; .NET4.0E; FBViewer-6.0.4.0)","xmlrpc"
"108.162.226.30","2025-11-16T04:43:10Z","/xmlrpc.php","Mozilla/4.0 (compatible; MSIE 7.0; Windows NT 6.1; WOW64; Trident/7.0; SLCC2; .NET CLR 2.0.50727; .NET4.0C; .NET4.0E; FBViewer-6.0.4.0)","xmlrpc"
"172.71.124.41","2025-11-16T04:49:26Z","/xmlrpc.php","Mozilla/5.0 (Macintosh; Intel Mac OS X 10_13_2) AppleWebKit/537.36 (KHTML, like Gecko) Chrome/65.0.3325.162 Safari/537.36","xmlrpc"
"172.71.124.41","2025-11-16T04:58:31Z","/xmlrpc.php","Mozilla/5.0 (Macintosh; Intel Mac OS X 10.12; rv:60.0) Gecko/20100101 Firefox/60.0","xmlrpc"
"162.158.106.77","2025-11-16T04:58:38Z","/xmlrpc.php","Mozilla/5.0 (Windows NT 10.0; WOW64; Trident/7.0; NMTE; rv:11.0) like Gecko","xmlrpc"
"162.158.88.171","2025-11-16T04:58:47Z","/xmlrpc.php","Mozilla/5.0 (Windows NT 6.1; WOW64; Trident/7.0; EIE10;ENCAMSN; rv:11.0) like Gecko","xmlrpc"
"162.158.88.171","2025-11-16T04:59:07Z","/xmlrpc.php","Mozilla/5.0 (Windows NT 10.0; WOW64; Trident/7.0; NMTE; rv:11.0) like Gecko","xmlrpc"
"162.158.88.171","2025-11-16T04:59:36Z","/xmlrpc.php","Mozilla/5.0 (Windows NT 6.1; Win64; x64) AppleWebKit/537.36 (KHTML, like Gecko) Chrome/65.0.3325.181 Safari/537.36 OPR/52.0.2871.64","xmlrpc"
"162.158.88.171","2025-11-16T04:59:44Z","/xmlrpc.php","Mozilla/5.0 (Windows NT 10.0; WOW64; Trident/7.0; NMTE; rv:11.0) like Gecko","xmlrpc"
"172.70.189.163","2025-11-16T05:00:00Z","/xmlrpc.php","Mozilla/5.0 (Windows NT 10.0; WOW64; Trident/7.0; NMTE; rv:11.0) like Gecko","xmlrpc"
"162.158.170.226","2025-11-16T05:02:55Z","/xmlrpc.php","Mozilla/5.0 (Windows NT 10.0; WOW64; Trident/7.0; TAJB; rv:11.0) like Gecko","xmlrpc"
"162.158.108.94","2025-11-16T05:06:13Z","/xmlrpc.php","Mozilla/4.0 (compatible; MSIE 7.0; Windows NT 6.1; WOW64; Trident/7.0; SLCC2; .NET CLR 2.0.50727; .NET CLR 3.5.30729; .NET CLR 3.0.30729; Media Center PC 6.0; InfoPath.3; .NET4.0C; .NET4.0E)","xmlrpc"
"162.158.170.227","2025-11-16T05:08:04Z","/xmlrpc.php","Mozilla/5.0 (Windows NT 10.0; WOW64; Trident/7.0; MDDSJS; rv:11.0) like Gecko","xmlrpc"
"172.70.208.134","2025-11-16T05:19:04Z","/xmlrpc.php","Mozilla/4.0 (compatible; MSIE 7.0; Windows NT 6.3; WOW64; Trident/7.0; .NET4.0C; .NET4.0E; .NET CLR 2.0.50727; .NET CLR 3.0.30729; .NET CLR 3.5.30729)","xmlrpc"
"108.162.226.30","2025-11-16T05:19:44Z","/xmlrpc.php","Mozilla/5.0 (Macintosh; Intel Mac OS X 10_13_4) AppleWebKit/605.1.15 (KHTML, like Gecko) Version/11.1 Safari/605.1.15","xmlrpc"
"108.162.226.30","2025-11-16T05:20:26Z","/xmlrpc.php","Mozilla/5.0 (Windows NT 10.0; WOW64; Trident/7.0; Touch; ASU2JS; rv:11.0) like Gecko","xmlrpc"
"104.23.175.135","2025-11-16T05:23:23Z","/xmlrpc.php","Mozilla/5.0 (Windows NT 6.2; Win64; x64) AppleWebKit/537.36 (KHTML, like Gecko) Chrome/66.0.3359.181 Safari/537.36","xmlrpc"
"172.71.124.40","2025-11-16T05:23:39Z","/xmlrpc.php","Mozilla/5.0 (Windows NT 6.2; Win64; x64) AppleWebKit/537.36 (KHTML, like Gecko) Chrome/66.0.3359.181 Safari/537.36","xmlrpc"
"172.68.164.78","2025-11-16T05:28:21Z","/xmlrpc.php","Mozilla/5.0 (Windows NT 6.1; WOW64; Trident/7.0; MATBJS; rv:11.0) like Gecko","xmlrpc"
"172.71.81.167","2025-11-16T05:28:22Z","/xmlrpc.php","Mozilla/4.0 (compatible; MSIE 7.0; Windows NT 6.3; WOW64; Trident/7.0; .NET4.0E; .NET4.0C; .NET CLR 3.5.30729; .NET CLR 2.0.50727; .NET CLR 3.0.30729; InfoPath.3)","xmlrpc"
"172.69.165.22","2025-11-16T05:29:27Z","/xmlrpc.php","Mozilla/5.0 (Windows NT 10.0; WOW64) AppleWebKit/537.36 (KHTML, like Gecko) Chrome/66.0.3359.181 Safari/537.36","xmlrpc"
"162.158.88.69","2025-11-16T05:32:01Z","/xmlrpc.php?rsd","Mozilla/5.0 (Windows NT 10.0; Win64; x64) AppleWebKit/537.36 (KHTML, like Gecko) Chrome/78.0.3904.108 Safari/537.36","xmlrpc"
"162.158.170.66","2025-11-16T05:32:09Z","/xmlrpc.php","Mozilla/5.0 (Windows NT 6.1) AppleWebKit/537.36 (KHTML, like Gecko) Chrome/65.0.3325.162 Safari/537.36","xmlrpc"
"162.158.170.227","2025-11-16T05:39:24Z","/xmlrpc.php","Mozilla/5.0 (Windows NT 6.3) AppleWebKit/537.36 (KHTML, like Gecko) Chrome/65.0.3325.181 Safari/537.36","xmlrpc"
"162.158.106.77","2025-11-16T05:39:55Z","/xmlrpc.php","Mozilla/5.0 (Macintosh; Intel Mac OS X 10_11_6) AppleWebKit/603.2.5 (KHTML, like Gecko) Version/10.1.1 Safari/603.2.5","xmlrpc"
"172.70.142.50","2025-11-16T05:44:27Z","/xmlrpc.php","Mozilla/5.0 (Windows NT 6.1; Win64; x64) AppleWebKit/537.36 (KHTML, like Gecko) Chrome/65.0.3325.162 Safari/537.36","xmlrpc"
"162.158.108.94","2025-11-16T05:47:24Z","/xmlrpc.php","Mozilla/5.0 (Macintosh; Intel Mac OS X 10.12; rv:60.0) Gecko/20100101 Firefox/60.0","xmlrpc"
"172.71.124.41","2025-11-16T05:48:04Z","/xmlrpc.php","Mozilla/5.0 (Windows NT 10.0) AppleWebKit/537.36 (KHTML, like Gecko) Chrome/65.0.3325.162 Safari/537.36","xmlrpc"
"108.162.226.31","2025-11-16T05:49:24Z","/xmlrpc.php","Mozilla/5.0 (Windows NT 6.1; WOW64; Trident/7.0; CTL_11; rv:11.0) like Gecko","xmlrpc"
"172.71.81.168","2025-11-16T05:49:55Z","/xmlrpc.php","Mozilla/5.0 (Windows NT 6.1; WOW64; Trident/7.0; CTL_11; rv:11.0) like Gecko","xmlrpc"
"172.69.165.23","2025-11-16T05:50:23Z","/xmlrpc.php","Mozilla/5.0 (Windows NT 6.1; WOW64; Trident/7.0; CTL_11; rv:11.0) like Gecko","xmlrpc"
"172.69.165.23","2025-11-16T05:50:54Z","/xmlrpc.php","Mozilla/5.0 (Windows NT 6.1; WOW64; Trident/7.0; CTL_11; rv:11.0) like Gecko","xmlrpc"
"162.158.170.226","2025-11-16T05:51:14Z","/xmlrpc.php","Mozilla/5.0 (Windows NT 6.1; WOW64; Trident/7.0; CTL_11; rv:11.0) like Gecko","xmlrpc"
"172.70.208.135","2025-11-16T05:51:19Z","/xmlrpc.php","Mozilla/5.0 (Windows NT 6.1; WOW64; Trident/7.0; CTL_11; rv:11.0) like Gecko","xmlrpc"
"172.70.93.115","2025-11-16T05:58:19Z","/xmlrpc.php","Mozilla/5.0 (Windows NT 6.1; WOW64; Trident/7.0; BOIE9;ENUSMSE; rv:11.0) like Gecko","xmlrpc"
"172.69.166.126","2025-11-16T05:59:17Z","/xmlrpc.php","Mozilla/5.0 (Windows NT 6.1) AppleWebKit/537.36 (KHTML, like Gecko) Chrome/66.0.3359.181 Safari/537.36","xmlrpc"
"162.158.170.227","2025-11-16T06:03:22Z","/xmlrpc.php","Mozilla/5.0 (Windows NT 10.0; WOW64; Trident/7.0; Touch; MASMJS; rv:11.0) like Gecko","xmlrpc"
"162.158.88.170","2025-11-16T06:07:35Z","/xmlrpc.php","Mozilla/5.0 (Windows NT 6.2; Win64; x64) AppleWebKit/537.36 (KHTML, like Gecko) Chrome/66.0.3359.181 Safari/537.36","xmlrpc"
"162.158.108.95","2025-11-16T06:07:53Z","/xmlrpc.php","Mozilla/5.0 (Windows NT 6.2; Win64; x64) AppleWebKit/537.36 (KHTML, like Gecko) Chrome/66.0.3359.181 Safari/537.36","xmlrpc"
"172.70.93.115","2025-11-16T06:08:11Z","/xmlrpc.php","Mozilla/5.0 (Macintosh; Intel Mac OS X 10_12_6) AppleWebKit/604.1.38 (KHTML, like Gecko) Version/11.0 Safari/604.1.38","xmlrpc"
"172.69.176.9","2025-11-16T06:08:13Z","/xmlrpc.php","Mozilla/5.0 (Windows NT 6.2; Win64; x64) AppleWebKit/537.36 (KHTML, like Gecko) Chrome/66.0.3359.181 Safari/537.36","xmlrpc"
"172.71.81.168","2025-11-16T06:08:41Z","/xmlrpc.php","Mozilla/5.0 (Windows NT 6.2; Win64; x64) AppleWebKit/537.36 (KHTML, like Gecko) Chrome/66.0.3359.181 Safari/537.36","xmlrpc"
"172.70.93.115","2025-11-16T06:09:00Z","/xmlrpc.php","Mozilla/5.0 (Windows NT 6.2; Win64; x64) AppleWebKit/537.36 (KHTML, like Gecko) Chrome/66.0.3359.181 Safari/537.36","xmlrpc"
"162.158.108.95","2025-11-16T06:09:21Z","/xmlrpc.php","Mozilla/5.0 (Windows NT 6.2; Win64; x64) AppleWebKit/537.36 (KHTML, like Gecko) Chrome/66.0.3359.181 Safari/537.36","xmlrpc"
"162.158.106.77","2025-11-16T06:13:06Z","/xmlrpc.php","Mozilla/4.0 (compatible; MSIE 7.0; Windows NT 6.1; WOW64; Trident/7.0; SLCC2; .NET CLR 2.0.50727; .NET CLR 3.5.30729; .NET CLR 3.0.30729; Media Center PC 6.0; InfoPath.3; .NET4.0C; .NET4.0E)","xmlrpc"
"162.158.108.94","2025-11-16T06:15:59Z","/xmlrpc.php","Mozilla/4.0 (compatible; MSIE 7.0; Windows NT 6.1; Trident/7.0; SLCC2; .NET CLR 2.0.50727; .NET CLR 3.5.30729; .NET CLR 3.0.30729; .NET4.0C; .NET4.0E; Media Center PC 6.0; InfoPath.3; BRI/2)","xmlrpc"
"172.70.189.164","2025-11-16T06:16:12Z","/xmlrpc.php","Mozilla/4.0 (compatible; MSIE 7.0; Windows NT 6.1; Trident/7.0; SLCC2; .NET CLR 2.0.50727; .NET CLR 3.5.30729; .NET CLR 3.0.30729; .NET4.0C; .NET4.0E; Media Center PC 6.0; InfoPath.3; BRI/2)","xmlrpc"
"162.158.170.226","2025-11-16T06:16:29Z","/xmlrpc.php","Mozilla/4.0 (compatible; MSIE 7.0; Windows NT 6.1; Trident/7.0; SLCC2; .NET CLR 2.0.50727; .NET CLR 3.5.30729; .NET CLR 3.0.30729; .NET4.0C; .NET4.0E; Media Center PC 6.0; InfoPath.3; BRI/2)","xmlrpc"
"172.71.81.168","2025-11-16T06:19:23Z","/xmlrpc.php","Mozilla/5.0 (Windows NT 6.3; WOW64; Trident/7.0; MAMIJS; rv:11.0) like Gecko","xmlrpc"
"172.71.124.40","2025-11-16T06:22:59Z","/xmlrpc.php","Mozilla/5.0 (Windows NT 6.1; WOW64; Trident/7.0; yie11; rv:11.0) like Gecko","xmlrpc"
"104.23.175.135","2025-11-16T06:24:02Z","/xmlrpc.php","Mozilla/4.0 (compatible; MSIE 7.0; Windows NT 6.1; WOW64; Trident/7.0; SLCC2; .NET CLR 2.0.50727; .NET CLR 3.5.30729; .NET CLR 3.0.30729; Media Center PC 6.0; .NET4.0C; .NET4.0E; ms-office)","xmlrpc"
"162.158.106.76","2025-11-16T06:24:13Z","/xmlrpc.php","Mozilla/4.0 (compatible; MSIE 7.0; Windows NT 6.1; WOW64; Trident/7.0; SLCC2; .NET CLR 2.0.50727; .NET CLR 3.5.30729; .NET CLR 3.0.30729; Media Center PC 6.0; .NET4.0C; .NET4.0E; ms-office)","xmlrpc"
"162.158.106.76","2025-11-16T06:24:29Z","/xmlrpc.php","Mozilla/4.0 (compatible; MSIE 7.0; Windows NT 6.1; WOW64; Trident/7.0; SLCC2; .NET CLR 2.0.50727; .NET CLR 3.5.30729; .NET CLR 3.0.30729; Media Center PC 6.0; .NET4.0C; .NET4.0E; ms-office)","xmlrpc"
"172.69.165.23","2025-11-16T06:31:36Z","/xmlrpc.php","Mozilla/5.0 (Windows NT 10.0; Win64; x64) AppleWebKit/537.36 (KHTML, like Gecko) Chrome/66.0.3359.170 Safari/537.36 OPR/53.0.2907.99","xmlrpc"
"172.71.81.167","2025-11-16T06:32:38Z","/xmlrpc.php","Mozilla/5.0 (Windows NT 6.2; ARM; Trident/7.0; Touch; rv:11.0; WPDesktop; NOKIA; Lumia 630) like Gecko","xmlrpc"
"162.158.88.170","2025-11-16T06:38:54Z","/xmlrpc.php","Mozilla/5.0 (Windows NT 10.0) AppleWebKit/537.36 (KHTML, like Gecko) Chrome/65.0.3325.162 Safari/537.36","xmlrpc"
"172.71.81.168","2025-11-16T06:39:08Z","/xmlrpc.php","Mozilla/5.0 (Windows NT 10.0) AppleWebKit/537.36 (KHTML, like Gecko) Chrome/65.0.3325.162 Safari/537.36","xmlrpc"
"172.69.165.22","2025-11-16T06:39:21Z","/xmlrpc.php","Mozilla/5.0 (Windows NT 10.0) AppleWebKit/537.36 (KHTML, like Gecko) Chrome/65.0.3325.162 Safari/537.36","xmlrpc"
"162.158.106.77","2025-11-16T06:39:33Z","/xmlrpc.php","Mozilla/5.0 (Windows NT 10.0) AppleWebKit/537.36 (KHTML, like Gecko) Chrome/65.0.3325.162 Safari/537.36","xmlrpc"
"162.158.108.94","2025-11-16T06:39:58Z","/xmlrpc.php","Mozilla/5.0 (Windows NT 10.0) AppleWebKit/537.36 (KHTML, like Gecko) Chrome/65.0.3325.162 Safari/537.36","xmlrpc"
"172.71.81.168","2025-11-16T06:40:17Z","/xmlrpc.php","Mozilla/5.0 (Windows NT 10.0) AppleWebKit/537.36 (KHTML, like Gecko) Chrome/65.0.3325.162 Safari/537.36","xmlrpc"
"162.158.106.77","2025-11-16T06:40:49Z","/xmlrpc.php","Mozilla/5.0 (Windows NT 10.0) AppleWebKit/537.36 (KHTML, like Gecko) Chrome/65.0.3325.162 Safari/537.36","xmlrpc"
"172.69.176.8","2025-11-16T06:41:10Z","/xmlrpc.php","Mozilla/5.0 (Windows NT 6.3; WOW64; Trident/7.0; Touch; rv:11.0) like Gecko","xmlrpc"
"172.69.165.22","2025-11-16T06:41:24Z","/xmlrpc.php","Mozilla/5.0 (Windows NT 6.3; WOW64; Trident/7.0; Touch; rv:11.0) like Gecko","xmlrpc"
"172.69.165.22","2025-11-16T06:41:54Z","/xmlrpc.php","Mozilla/5.0 (Windows NT 6.3; WOW64; Trident/7.0; Touch; rv:11.0) like Gecko","xmlrpc"
"162.158.106.77","2025-11-16T06:41:57Z","/xmlrpc.php","Mozilla/5.0 (Windows NT 6.2; Win64; x64) AppleWebKit/537.36 (KHTML, like Gecko) Chrome/66.0.3359.117 Safari/537.36","xmlrpc"
"172.71.124.40","2025-11-16T06:42:18Z","/xmlrpc.php","Mozilla/5.0 (Windows NT 6.2; Win64; x64) AppleWebKit/537.36 (KHTML, like Gecko) Chrome/66.0.3359.117 Safari/537.36","xmlrpc"
"172.71.81.167","2025-11-16T06:42:19Z","/xmlrpc.php","Mozilla/5.0 (compatible; MSIE 9.0; Windows NT 6.3; WOW64; Trident/7.0)","xmlrpc"
"172.69.176.9","2025-11-16T06:42:27Z","/xmlrpc.php","Mozilla/5.0 (Windows NT 6.2; Win64; x64) AppleWebKit/537.36 (KHTML, like Gecko) Chrome/66.0.3359.117 Safari/537.36","xmlrpc"
"172.70.189.164","2025-11-16T06:42:32Z","/xmlrpc.php","Mozilla/5.0 (Windows NT 6.2; Win64; x64) AppleWebKit/537.36 (KHTML, like Gecko) Chrome/66.0.3359.117 Safari/537.36","xmlrpc"
"162.158.189.90","2025-11-16T06:42:34Z","/xmlrpc.php","Mozilla/5.0 (Windows NT 6.2; Win64; x64) AppleWebKit/537.36 (KHTML, like Gecko) Chrome/66.0.3359.117 Safari/537.36","xmlrpc"
"108.162.226.30","2025-11-16T06:42:58Z","/xmlrpc.php","Mozilla/5.0 (Macintosh; Intel Mac OS X 10_13_4) AppleWebKit/537.36 (KHTML, like Gecko) Chrome/67.0.3396.87 Safari/537.36","xmlrpc"
"172.69.165.23","2025-11-16T06:48:37Z","/xmlrpc.php","Mozilla/5.0 (Windows NT 10.0; WOW64; rv:61.0) Gecko/20100101 Firefox/61.0","xmlrpc"
"108.162.226.30","2025-11-16T06:49:14Z","/xmlrpc.php","Mozilla/5.0 (Windows NT 10.0; WOW64; rv:61.0) Gecko/20100101 Firefox/61.0","xmlrpc"
"162.158.88.170","2025-11-16T06:49:36Z","/xmlrpc.php","Mozilla/5.0 (Windows NT 10.0; WOW64; rv:61.0) Gecko/20100101 Firefox/61.0","xmlrpc"
"172.70.93.114","2025-11-16T06:52:59Z","/xmlrpc.php","Mozilla/5.0 (Macintosh; Intel Mac OS X 10_11_6) AppleWebKit/604.5.6 (KHTML, like Gecko) Version/11.0.3 Safari/604.5.6","xmlrpc"
"172.69.165.22","2025-11-16T06:53:13Z","/xmlrpc.php","Mozilla/5.0 (Macintosh; Intel Mac OS X 10_11_6) AppleWebKit/604.5.6 (KHTML, like Gecko) Version/11.0.3 Safari/604.5.6","xmlrpc"
"162.158.108.95","2025-11-16T06:53:27Z","/xmlrpc.php","Mozilla/5.0 (Macintosh; Intel Mac OS X 10_11_6) AppleWebKit/604.5.6 (KHTML, like Gecko) Version/11.0.3 Safari/604.5.6","xmlrpc"
"172.71.124.41","2025-11-16T06:58:38Z","/xmlrpc.php","Mozilla/5.0 (Windows NT 10.0; Win64; x64) AppleWebKit/537.36 (KHTML, like Gecko) Chrome/65.0.3325.162 Safari/537.36","xmlrpc"
"172.71.81.168","2025-11-16T06:59:48Z","/xmlrpc.php","Mozilla/5.0 (Windows NT 6.1; WOW64; Trident/7.0; MASBJS; rv:11.0) like Gecko","xmlrpc"
"162.158.108.94","2025-11-16T06:59:52Z","/xmlrpc.php","Mozilla/5.0 (Windows NT 6.1; WOW64; Trident/7.0; MASBJS; rv:11.0) like Gecko","xmlrpc"
"172.70.93.114","2025-11-16T06:59:56Z","/xmlrpc.php","Mozilla/5.0 (Windows NT 6.1; WOW64; Trident/7.0; MASBJS; rv:11.0) like Gecko","xmlrpc"
"172.71.124.40","2025-11-16T06:59:59Z","/xmlrpc.php","Mozilla/5.0 (Windows NT 6.1; WOW64; Trident/7.0; MASBJS; rv:11.0) like Gecko","xmlrpc"
"172.69.166.126","2025-11-16T07:00:03Z","/xmlrpc.php","Mozilla/5.0 (Windows NT 6.1; WOW64; Trident/7.0; MASBJS; rv:11.0) like Gecko","xmlrpc"
"172.70.93.114","2025-11-16T07:00:05Z","/xmlrpc.php","Mozilla/5.0 (Windows NT 6.1; WOW64; Trident/7.0; MASBJS; rv:11.0) like Gecko","xmlrpc"
"104.23.175.134","2025-11-16T07:00:07Z","/xmlrpc.php","Mozilla/5.0 (Windows NT 6.1; WOW64; Trident/7.0; MASBJS; rv:11.0) like Gecko","xmlrpc"
"172.70.92.169","2025-11-16T07:00:08Z","/xmlrpc.php","Mozilla/5.0 (Windows NT 6.1; WOW64; Trident/7.0; MASBJS; rv:11.0) like Gecko","xmlrpc"
"172.71.81.168","2025-11-16T07:00:57Z","/xmlrpc.php","Mozilla/5.0 (Windows NT 6.1; Win64; x64) AppleWebKit/537.36 (KHTML, like Gecko) Chrome/65.0.3325.181 Safari/537.36","xmlrpc"
"162.158.189.90","2025-11-16T07:02:33Z","/xmlrpc.php","Mozilla/5.0 (Windows NT 6.3; Trident/7.0; Touch; rv:11.0) like Gecko","xmlrpc"
"172.71.124.40","2025-11-16T07:10:47Z","/xmlrpc.php","Mozilla/5.0 (Windows NT 10.0; WOW64; Trident/7.0; Touch; LCJB; rv:11.0) like Gecko","xmlrpc"
"172.70.189.164","2025-11-16T07:10:59Z","/xmlrpc.php","Mozilla/5.0 (Windows NT 6.1; WOW64; Trident/7.0; EIE10;ENGBMSN; rv:11.0) like Gecko","xmlrpc"
"172.70.142.50","2025-11-16T07:14:58Z","/xmlrpc.php","Mozilla/5.0 (Windows NT 10.0; WOW64; Trident/7.0; MAPBJS; rv:11.0) like Gecko","xmlrpc"
"172.70.189.164","2025-11-16T07:20:28Z","/xmlrpc.php","Mozilla/5.0 (Windows NT 6.1; WOW64; Trident/7.0; apetito Gruppe; rv:11.0) like Gecko","xmlrpc"
"108.162.226.30","2025-11-16T07:21:52Z","/xmlrpc.php","Mozilla/5.0 (Macintosh; Intel Mac OS X 10_13_3) AppleWebKit/537.36 (KHTML, like Gecko) Chrome/67.0.3396.87 Safari/537.36","xmlrpc"
"172.70.208.134","2025-11-16T07:22:44Z","/xmlrpc.php","Mozilla/5.0 (Windows NT 6.2; Win64; x64) AppleWebKit/537.36 (KHTML, like Gecko) Chrome/66.0.3359.181 Safari/537.36","xmlrpc"
"104.23.175.134","2025-11-16T07:30:06Z","/xmlrpc.php","Mozilla/5.0 (Windows NT 6.1) AppleWebKit/537.36 (KHTML, like Gecko) Chrome/66.0.3359.139 Safari/537.36","xmlrpc"
"162.158.170.243","2025-11-16T07:30:07Z","/xmlrpc.php","Mozilla/5.0 (Windows NT 6.1) AppleWebKit/537.36 (KHTML, like Gecko) Chrome/66.0.3359.139 Safari/537.36","xmlrpc"
"172.69.176.9","2025-11-16T07:30:08Z","/xmlrpc.php","Mozilla/5.0 (Windows NT 6.1) AppleWebKit/537.36 (KHTML, like Gecko) Chrome/66.0.3359.139 Safari/537.36","xmlrpc"
"172.68.164.136","2025-11-16T07:30:09Z","/xmlrpc.php","Mozilla/5.0 (Windows NT 6.1) AppleWebKit/537.36 (KHTML, like Gecko) Chrome/66.0.3359.139 Safari/537.36","xmlrpc"
"108.162.226.30","2025-11-16T07:30:10Z","/xmlrpc.php","Mozilla/5.0 (Windows NT 6.1) AppleWebKit/537.36 (KHTML, like Gecko) Chrome/66.0.3359.139 Safari/537.36","xmlrpc"
"172.70.189.163","2025-11-16T07:30:11Z","/xmlrpc.php","Mozilla/5.0 (Windows NT 6.1) AppleWebKit/537.36 (KHTML, like Gecko) Chrome/66.0.3359.139 Safari/537.36","xmlrpc"
"172.68.164.136","2025-11-16T07:30:12Z","/xmlrpc.php","Mozilla/5.0 (Windows NT 6.1) AppleWebKit/537.36 (KHTML, like Gecko) Chrome/66.0.3359.139 Safari/537.36","xmlrpc"
"172.70.208.134","2025-11-16T07:30:15Z","/xmlrpc.php","Mozilla/5.0 (Windows NT 6.1) AppleWebKit/537.36 (KHTML, like Gecko) Chrome/66.0.3359.139 Safari/537.36","xmlrpc"
"172.71.81.168","2025-11-16T07:36:34Z","/xmlrpc.php","Mozilla/5.0 (Windows NT 10.0; WOW64; Trident/7.0; MAARJS; rv:11.0) like Gecko","xmlrpc"
"162.158.189.91","2025-11-16T07:36:39Z","/xmlrpc.php","Mozilla/5.0 (Windows NT 10.0; WOW64; Trident/7.0; MAARJS; rv:11.0) like Gecko","xmlrpc"
"172.69.165.22","2025-11-16T07:36:45Z","/xmlrpc.php","Mozilla/5.0 (Windows NT 10.0; WOW64; Trident/7.0; MAARJS; rv:11.0) like Gecko","xmlrpc"
"172.71.124.41","2025-11-16T07:36:52Z","/xmlrpc.php","Mozilla/5.0 (Windows NT 6.3; WOW64; Trident/7.0; Touch; MATBJS; rv:11.0) like Gecko","xmlrpc"
"162.158.170.227","2025-11-16T07:36:57Z","/xmlrpc.php","Mozilla/5.0 (Windows NT 10.0; WOW64; Trident/7.0; MAARJS; rv:11.0) like Gecko","xmlrpc"
"172.69.165.22","2025-11-16T07:38:42Z","/xmlrpc.php","Mozilla/5.0 (Windows NT 6.1; Win64; x64) AppleWebKit/537.36 (KHTML, like Gecko) Chrome/58.0.3029.110 Safari/537.36 Edge/16.16299","xmlrpc"
"162.158.108.94","2025-11-16T07:40:54Z","/xmlrpc.php","Mozilla/5.0 (Macintosh; Intel Mac OS X 10_13_5) AppleWebKit/537.36 (KHTML, like Gecko) Chrome/67.0.3396.87 Safari/537.36","xmlrpc"
"172.71.124.41","2025-11-16T07:44:34Z","/xmlrpc.php","Mozilla/5.0 (Windows NT 6.3; WOW64; Trident/7.0; Touch; ASU2JS; rv:11.0) like Gecko","xmlrpc"
"172.71.124.40","2025-11-16T07:47:22Z","/xmlrpc.php","Mozilla/5.0 (Windows NT 6.3; WOW64; Trident/7.0; ASU2JS; rv:11.0) like Gecko","xmlrpc"
"104.23.175.135","2025-11-16T07:47:44Z","/xmlrpc.php","Mozilla/5.0 (Windows NT 6.3; WOW64; Trident/7.0; ASU2JS; rv:11.0) like Gecko","xmlrpc"
"172.70.189.164","2025-11-16T07:48:03Z","/xmlrpc.php","Mozilla/5.0 (Windows NT 6.3; WOW64; Trident/7.0; ASU2JS; rv:11.0) like Gecko","xmlrpc"
"172.70.93.115","2025-11-16T07:50:10Z","/xmlrpc.php","Mozilla/5.0 (Windows NT 6.1; WOW64; Trident/7.0; EIE10;ENUSMSN; rv:11.0) like Gecko","xmlrpc"
"104.23.175.135","2025-11-16T07:51:40Z","/xmlrpc.php","Mozilla/5.0 (Macintosh; Intel Mac OS X 10_12_6) AppleWebKit/604.4.7 (KHTML, like Gecko) Version/11.0.2 Safari/604.4.7","xmlrpc"
"172.70.189.163","2025-11-16T07:54:19Z","/xmlrpc.php","Mozilla/5.0 (Windows NT 10.0; WOW64; Trident/7.0; Touch; MDDCJS; rv:11.0) like Gecko","xmlrpc"
"162.158.108.95","2025-11-16T07:55:22Z","/xmlrpc.php","Mozilla/5.0 (Macintosh; Intel Mac OS X 10_13_3) AppleWebKit/537.36 (KHTML, like Gecko) Chrome/65.0.3325.162 Safari/537.36","xmlrpc"
"172.70.208.134","2025-11-16T07:55:34Z","/xmlrpc.php","Mozilla/5.0 (Macintosh; Intel Mac OS X 10_13_3) AppleWebKit/537.36 (KHTML, like Gecko) Chrome/65.0.3325.162 Safari/537.36","xmlrpc"
"104.23.175.135","2025-11-16T07:55:44Z","/xmlrpc.php","Mozilla/5.0 (Macintosh; Intel Mac OS X 10_13_3) AppleWebKit/537.36 (KHTML, like Gecko) Chrome/65.0.3325.162 Safari/537.36","xmlrpc"
"172.69.176.9","2025-11-16T08:01:05Z","/xmlrpc.php","Mozilla/5.0 (Windows NT 10.0; Win64; x64) AppleWebKit/537.36 (KHTML, like Gecko) Chrome/63.0.3239.108 Safari/537.36 OPR/50.0.2762.45","xmlrpc"
"172.70.208.135","2025-11-16T08:02:08Z","/xmlrpc.php","Mozilla/4.0 (compatible; MSIE 7.0; Windows NT 6.1; WOW64; Trident/7.0; SLCC2; .NET CLR 2.0.50727; .NET CLR 3.5.30729; .NET CLR 3.0.30729; .NET4.0C; .NET4.0E; Media Center PC 6.0)","xmlrpc"
"172.68.164.79","2025-11-16T08:02:56Z","/xmlrpc.php","Mozilla/5.0 (Windows NT 6.1; WOW64; Trident/7.0; MDDCJS; rv:11.0) like Gecko","xmlrpc"
"104.23.175.135","2025-11-16T08:04:50Z","/xmlrpc.php","Mozilla/4.0 (compatible; MSIE 7.0; Windows NT 6.1; Win64; x64; Trident/7.0; .NET CLR 2.0.50727; SLCC2; .NET4.0C; .NET4.0E; .NET CLR 3.5.30729; .NET CLR 3.0.30729)","xmlrpc"
"172.69.176.9","2025-11-16T08:05:23Z","/xmlrpc.php","Mozilla/5.0 (Windows NT 6.1) AppleWebKit/537.36 (KHTML, like Gecko) Chrome/67.0.3396.79 Safari/537.36","xmlrpc"
"172.71.124.40","2025-11-16T08:05:49Z","/xmlrpc.php","Mozilla/5.0 (Windows NT 6.1) AppleWebKit/537.36 (KHTML, like Gecko) Chrome/67.0.3396.79 Safari/537.36","xmlrpc"
"172.70.208.135","2025-11-16T08:05:58Z","/xmlrpc.php","Mozilla/5.0 (Windows NT 6.1) AppleWebKit/537.36 (KHTML, like Gecko) Chrome/67.0.3396.79 Safari/537.36","xmlrpc"
"162.158.88.170","2025-11-16T08:06:01Z","/xmlrpc.php","Mozilla/5.0 (Windows NT 6.1) AppleWebKit/537.36 (KHTML, like Gecko) Chrome/67.0.3396.79 Safari/537.36","xmlrpc"
"172.70.93.114","2025-11-16T08:06:20Z","/xmlrpc.php","Mozilla/4.0 (compatible; MSIE 7.0; Windows NT 10.0; WOW64; Trident/7.0; .NET4.0C; .NET4.0E; .NET CLR 2.0.50727; .NET CLR 3.0.30729; .NET CLR 3.5.30729; Tablet PC 2.0)","xmlrpc"
"104.23.175.135","2025-11-16T08:12:33Z","/xmlrpc.php","Mozilla/4.0 (compatible; MSIE 7.0; Windows NT 6.2; WOW64; Trident/7.0; .NET4.0E; .NET4.0C; .NET CLR 3.5.30729; .NET CLR 2.0.50727; .NET CLR 3.0.30729; InfoPath.3; MANMJS)","xmlrpc"
"162.158.170.226","2025-11-16T08:12:50Z","/xmlrpc.php","Mozilla/5.0 (Windows NT 10.0; WOW64; Trident/7.0; MALNJS; rv:11.0) like Gecko","xmlrpc"
"162.158.88.171","2025-11-16T08:13:00Z","/xmlrpc.php","Mozilla/5.0 (Windows NT 10.0; WOW64; Trident/7.0; TNJB; rv:11.0) like Gecko","xmlrpc"
"162.158.106.76","2025-11-16T08:13:16Z","/xmlrpc.php","Mozilla/5.0 (Windows NT 10.0; WOW64; Trident/7.0; TNJB; rv:11.0) like Gecko","xmlrpc"
"162.158.170.226","2025-11-16T08:13:21Z","/xmlrpc.php","Mozilla/5.0 (Windows NT 10.0; WOW64; Trident/7.0; MALNJS; rv:11.0) like Gecko","xmlrpc"
"172.70.189.102","2025-11-16T08:13:29Z","/xmlrpc.php","Mozilla/5.0 (Windows NT 10.0; WOW64; Trident/7.0; TNJB; rv:11.0) like Gecko","xmlrpc"
"162.158.108.94","2025-11-16T08:13:48Z","/xmlrpc.php","Mozilla/5.0 (Windows NT 10.0; WOW64; Trident/7.0; MALNJS; rv:11.0) like Gecko","xmlrpc"
"172.70.189.163","2025-11-16T08:14:22Z","/xmlrpc.php","Mozilla/5.0 (Windows NT 10.0; WOW64; Trident/7.0; MALNJS; rv:11.0) like Gecko","xmlrpc"
"172.70.208.134","2025-11-16T08:14:43Z","/xmlrpc.php","Mozilla/5.0 (Windows NT 10.0; WOW64; Trident/7.0; MALNJS; rv:11.0) like Gecko","xmlrpc"
"104.23.175.135","2025-11-16T08:15:12Z","/xmlrpc.php","Mozilla/5.0 (Windows NT 10.0; WOW64; Trident/7.0; MALNJS; rv:11.0) like Gecko","xmlrpc"
"172.71.124.41","2025-11-16T08:15:14Z","/xmlrpc.php","Mozilla/5.0 (Windows NT 10.0; WOW64; Trident/7.0; MALNJS; rv:11.0) like Gecko","xmlrpc"
"172.71.124.41","2025-11-16T08:15:18Z","/xmlrpc.php","Mozilla/5.0 (Windows NT 10.0; WOW64; Trident/7.0; MALNJS; rv:11.0) like Gecko","xmlrpc"
"172.70.189.164","2025-11-16T08:20:04Z","/xmlrpc.php","Mozilla/5.0 (Macintosh; Intel Mac OS X 10.13; rv:60.0) Gecko/20100101 Firefox/60.0","xmlrpc"
"172.69.165.23","2025-11-16T08:26:00Z","/xmlrpc.php","Mozilla/5.0 (Windows NT 6.3; WOW64; Trident/7.0; MASEJS; rv:11.0) like Gecko","xmlrpc"
"108.162.226.30","2025-11-16T08:35:28Z","/xmlrpc.php","Mozilla/5.0 (Windows NT 6.1; WOW64; Trident/7.0; NISSC; rv:11.0) like Gecko","xmlrpc"
"172.69.176.9","2025-11-16T08:39:27Z","/xmlrpc.php","Mozilla/5.0 (Windows NT 6.3; Win64; x64; Trident/7.0; rv:11.0) like Gecko","xmlrpc"
"172.70.208.135","2025-11-16T08:44:00Z","/xmlrpc.php","Mozilla/5.0 (Windows NT 6.3; Win64; x64; Trident/7.0; Touch; rv:11.0) like Gecko","xmlrpc"
"172.71.81.167","2025-11-16T08:46:31Z","/xmlrpc.php","Mozilla/5.0 (Windows NT 6.3; Win64; x64) AppleWebKit/537.36 (KHTML, like Gecko) Chrome/65.0.3325.181 Safari/537.36","xmlrpc"
"172.71.124.40","2025-11-16T08:54:43Z","/xmlrpc.php","Mozilla/5.0 (Windows NT 10.0; Win64; x64) AppleWebKit/537.36 (KHTML, like Gecko) Chrome/66.0.3359.117 Safari/537.36","xmlrpc"
"172.69.165.23","2025-11-16T08:58:37Z","/xmlrpc.php","Mozilla/5.0 (Windows NT 6.3; Trident/7.0; rv:11.0) like Gecko","xmlrpc"
"104.23.175.134","2025-11-16T09:00:42Z","/xmlrpc.php","Mozilla/4.0 (compatible; MSIE 7.0; Windows NT 6.2; Trident/7.0; .NET4.0C; .NET4.0E)","xmlrpc"
"172.70.208.134","2025-11-16T09:00:48Z","/xmlrpc.php","Mozilla/5.0 (Windows NT 10.0; Win64; x64; rv:61.0) Gecko/20100101 Firefox/61.0","xmlrpc"
"172.70.142.50","2025-11-16T09:01:56Z","/xmlrpc.php","Mozilla/5.0 (Windows NT 6.1; Win64; x64) AppleWebKit/537.36 (KHTML, like Gecko) Chrome/52.0.2743.116 Safari/537.36 Edge/15.15063","xmlrpc"
"162.158.88.171","2025-11-16T09:02:24Z","/xmlrpc.php","Mozilla/5.0 (Windows NT 6.1; Win64; x64) AppleWebKit/537.36 (KHTML, like Gecko) Chrome/52.0.2743.116 Safari/537.36 Edge/15.15063","xmlrpc"
"172.69.176.9","2025-11-16T09:03:53Z","/xmlrpc.php","Mozilla/4.0 (compatible; MSIE 7.0; Windows NT 6.2; Trident/7.0; .NET4.0C; .NET4.0E; .NET CLR 2.0.50727; .NET CLR 3.0.30729; .NET CLR 3.5.30729; SLCC2; Media Center PC 6.0; Tablet PC 2.0; EIE10;ENUSWOL)","xmlrpc"
"172.69.176.8","2025-11-16T09:07:24Z","/xmlrpc.php","Mozilla/5.0 (X11; Linux x86_64) AppleWebKit/537.36 (KHTML, like Gecko) Chrome/65.0.3325.162 Safari/537.36","xmlrpc"
"162.158.170.226","2025-11-16T09:07:44Z","/xmlrpc.php","Mozilla/5.0 (X11; Linux x86_64) AppleWebKit/537.36 (KHTML, like Gecko) Chrome/65.0.3325.162 Safari/537.36","xmlrpc"
"108.162.226.31","2025-11-16T09:07:47Z","/xmlrpc.php","Mozilla/5.0 (X11; Linux x86_64) AppleWebKit/537.36 (KHTML, like Gecko) Chrome/65.0.3325.162 Safari/537.36","xmlrpc"
"172.71.81.168","2025-11-16T09:08:34Z","/xmlrpc.php","Mozilla/5.0 (compatible; MSIE 9.0; Windows NT 6.1; Win64; x64; Trident/7.0)","xmlrpc"
"172.70.93.114","2025-11-16T09:09:26Z","/xmlrpc.php","Mozilla/5.0 (compatible; MSIE 9.0; Windows NT 6.1; Win64; x64; Trident/7.0)","xmlrpc"
"172.68.164.78","2025-11-16T09:11:12Z","/xmlrpc.php","Mozilla/5.0 (Windows NT 6.1; WOW64; Trident/7.0; BOIE9;ENCA; rv:11.0) like Gecko","xmlrpc"
"162.158.106.76","2025-11-16T09:15:18Z","/xmlrpc.php","Mozilla/5.0 (Windows NT 10.0; Win64; x64; rv:61.0) Gecko/20100101 Firefox/61.0","xmlrpc"
"172.69.176.9","2025-11-16T09:18:37Z","/xmlrpc.php","Mozilla/5.0 (X11; CrOS x86_64 10575.55.0) AppleWebKit/537.36 (KHTML, like Gecko) Chrome/67.0.3396.87 Safari/537.36","xmlrpc"
"172.70.208.135","2025-11-16T09:19:16Z","/xmlrpc.php","Mozilla/4.0 (compatible; MSIE 7.0; Windows NT 6.1; Trident/7.0; SLCC2; .NET CLR 2.0.50727; .NET CLR 3.5.30729; .NET CLR 3.0.30729; .NET4.0C; .NET4.0E; Tablet PC 2.0; Creative AutoUpdate v1.40.01)","xmlrpc"
"172.69.165.23","2025-11-16T09:19:47Z","/xmlrpc.php","Mozilla/4.0 (compatible; MSIE 7.0; Windows NT 6.1; WOW64; Trident/7.0; SLCC2; .NET CLR 2.0.50727; .NET CLR 3.5.30729; .NET CLR 3.0.30729; .NET4.0C; .NET4.0E)","xmlrpc"
"172.70.208.135","2025-11-16T09:22:25Z","/xmlrpc.php","Mozilla/5.0 (Macintosh; Intel Mac OS X 10_12_4) AppleWebKit/603.1.30 (KHTML, like Gecko) Version/10.1 Safari/603.1.30","xmlrpc"
"172.70.142.50","2025-11-16T09:22:52Z","/xmlrpc.php","Mozilla/5.0 (Macintosh; Intel Mac OS X 10_12_4) AppleWebKit/603.1.30 (KHTML, like Gecko) Version/10.1 Safari/603.1.30","xmlrpc"
"162.158.170.226","2025-11-16T09:23:53Z","/xmlrpc.php","Mozilla/5.0 (Macintosh; Intel Mac OS X 10_12_4) AppleWebKit/603.1.30 (KHTML, like Gecko) Version/10.1 Safari/603.1.30","xmlrpc"
"162.158.170.226","2025-11-16T09:24:18Z","/xmlrpc.php","Mozilla/5.0 (Macintosh; Intel Mac OS X 10_12_4) AppleWebKit/603.1.30 (KHTML, like Gecko) Version/10.1 Safari/603.1.30","xmlrpc"
"162.158.170.226","2025-11-16T09:24:30Z","/xmlrpc.php","Mozilla/5.0 (Macintosh; Intel Mac OS X 10_12_4) AppleWebKit/603.1.30 (KHTML, like Gecko) Version/10.1 Safari/603.1.30","xmlrpc"
"162.158.106.77","2025-11-16T09:24:38Z","/xmlrpc.php","Mozilla/5.0 (Macintosh; Intel Mac OS X 10_12_4) AppleWebKit/603.1.30 (KHTML, like Gecko) Version/10.1 Safari/603.1.30","xmlrpc"
"162.158.189.91","2025-11-16T09:24:43Z","/xmlrpc.php","Mozilla/5.0 (Macintosh; Intel Mac OS X 10_12_4) AppleWebKit/603.1.30 (KHTML, like Gecko) Version/10.1 Safari/603.1.30","xmlrpc"
"172.68.164.79","2025-11-16T09:25:29Z","/xmlrpc.php","Mozilla/4.0 (compatible; MSIE 7.0; Windows NT 6.2; WOW64; Trident/7.0; .NET4.0C; .NET4.0E; .NET CLR 2.0.50727; .NET CLR 3.0.30729; .NET CLR 3.5.30729; Tablet PC 2.0)","xmlrpc"
"162.158.108.94","2025-11-16T09:28:48Z","/xmlrpc.php","Mozilla/5.0 (Windows NT 6.1; WOW64; Trident/7.0; Ypkch32; rv:11.0) like Gecko","xmlrpc"
"172.69.176.9","2025-11-16T09:38:11Z","/xmlrpc.php","Mozilla/5.0 (Windows NT 6.3; Win64; x64) AppleWebKit/537.36 (KHTML, like Gecko) Chrome/65.0.3325.181 Safari/537.36 OPR/52.0.2871.99","xmlrpc"
"172.71.81.168","2025-11-16T09:39:00Z","/xmlrpc.php","Mozilla/5.0 (Windows NT 6.3; Win64; x64) AppleWebKit/537.36 (KHTML, like Gecko) Chrome/65.0.3325.181 Safari/537.36 OPR/52.0.2871.99","xmlrpc"
"162.158.189.90","2025-11-16T09:39:16Z","/xmlrpc.php","Mozilla/5.0 (Windows NT 6.3; Win64; x64) AppleWebKit/537.36 (KHTML, like Gecko) Chrome/65.0.3325.181 Safari/537.36 OPR/52.0.2871.99","xmlrpc"
"172.71.81.168","2025-11-16T09:39:19Z","/xmlrpc.php","Mozilla/5.0 (Windows NT 6.3; Win64; x64) AppleWebKit/537.36 (KHTML, like Gecko) Chrome/65.0.3325.181 Safari/537.36 OPR/52.0.2871.99","xmlrpc"
"172.69.165.23","2025-11-16T09:41:44Z","/xmlrpc.php","Mozilla/4.0 (compatible; MSIE 7.0; Windows NT 6.1; Trident/7.0; SLCC2; .NET CLR 2.0.50727; .NET CLR 3.5.30729; .NET CLR 3.0.30729; Media Center PC 6.0; .NET4.0C; .NET4.0E)","xmlrpc"
"172.71.124.40","2025-11-16T09:41:56Z","/xmlrpc.php","Mozilla/4.0 (compatible; MSIE 7.0; Windows NT 6.1; Trident/7.0; SLCC2; .NET CLR 2.0.50727; .NET CLR 3.5.30729; .NET CLR 3.0.30729; Media Center PC 6.0; .NET4.0C; .NET4.0E)","xmlrpc"
"172.70.93.114","2025-11-16T09:43:43Z","/xmlrpc.php","Mozilla/5.0 (Windows NT 6.3; Win64; x64; Trident/7.0; Touch; ASU2JS; rv:11.0) like Gecko","xmlrpc"
"162.158.108.94","2025-11-16T09:44:49Z","/xmlrpc.php","Mozilla/5.0 (Windows NT 10.0; Trident/7.0; rv:11.0) like Gecko","xmlrpc"
"172.70.208.135","2025-11-16T09:44:51Z","/xmlrpc.php","Mozilla/5.0 (Windows NT 10.0; Trident/7.0; rv:11.0) like Gecko","xmlrpc"
"172.70.208.135","2025-11-16T09:44:53Z","/xmlrpc.php","Mozilla/5.0 (Windows NT 10.0; Trident/7.0; rv:11.0) like Gecko","xmlrpc"
"172.70.208.135","2025-11-16T09:44:56Z","/xmlrpc.php","Mozilla/5.0 (Windows NT 10.0; Trident/7.0; rv:11.0) like Gecko","xmlrpc"
"162.158.106.77","2025-11-16T09:44:58Z","/xmlrpc.php","Mozilla/5.0 (Windows NT 10.0; Trident/7.0; rv:11.0) like Gecko","xmlrpc"
"108.162.226.30","2025-11-16T09:45:01Z","/xmlrpc.php","Mozilla/5.0 (Windows NT 10.0; Trident/7.0; rv:11.0) like Gecko","xmlrpc"
"172.69.165.23","2025-11-16T09:45:06Z","/xmlrpc.php","Mozilla/5.0 (Windows NT 10.0; Trident/7.0; rv:11.0) like Gecko","xmlrpc"
"104.23.175.135","2025-11-16T09:45:08Z","/xmlrpc.php","Mozilla/5.0 (Windows NT 10.0; Trident/7.0; rv:11.0) like Gecko","xmlrpc"
"172.68.164.78","2025-11-16T09:48:52Z","/xmlrpc.php?rsd","Mozilla/5.0 (Windows NT 10.0; Win64; x64) AppleWebKit/537.36 (KHTML, like Gecko) Chrome/88.0.4240.193 Safari/537.36","xmlrpc"
"172.70.189.163","2025-11-16T09:48:58Z","/xmlrpc.php","Mozilla/5.0 (Windows NT 10.0; Win64; x64) AppleWebKit/537.36 (KHTML, like Gecko) Chrome/88.0.4240.193 Safari/537.36","xmlrpc"
"108.162.226.30","2025-11-16T09:48:59Z","/xmlrpc.php","Mozilla/5.0 (Windows NT 10.0; Win64; x64) AppleWebKit/537.36 (KHTML, like Gecko) Chrome/88.0.4240.193 Safari/537.36","xmlrpc"
"172.70.142.50","2025-11-16T09:48:59Z","/xmlrpc.php","Mozilla/5.0 (Windows NT 10.0; Win64; x64) AppleWebKit/537.36 (KHTML, like Gecko) Chrome/88.0.4240.193 Safari/537.36","xmlrpc"
"108.162.226.30","2025-11-16T09:49:00Z","/xmlrpc.php","Mozilla/5.0 (Windows NT 10.0; Win64; x64) AppleWebKit/537.36 (KHTML, like Gecko) Chrome/88.0.4240.193 Safari/537.36","xmlrpc"
"172.71.152.52","2025-11-16T09:53:43Z","/xmlrpc.php?rsd","Mozilla/5.0 (Windows NT 10.0; Win64; x64) AppleWebKit/537.36 (KHTML, like Gecko) Chrome/88.0.4240.193 Safari/537.36","xmlrpc"
"172.71.152.52","2025-11-16T09:53:47Z","/xmlrpc.php","Mozilla/5.0 (Windows NT 10.0; Win64; x64) AppleWebKit/537.36 (KHTML, like Gecko) Chrome/88.0.4240.193 Safari/537.36","xmlrpc"
"162.158.88.170","2025-11-16T09:54:19Z","/xmlrpc.php","Mozilla/5.0 (Macintosh; Intel Mac OS X 10_13_4) AppleWebKit/537.36 (KHTML, like Gecko) Chrome/67.0.3396.62 Safari/537.36","xmlrpc"
"104.23.175.134","2025-11-16T09:57:23Z","/xmlrpc.php","Mozilla/4.0 (compatible; MSIE 7.0; Windows NT 6.1; Trident/7.0; SLCC2; .NET CLR 2.0.50727; .NET CLR 3.5.30729; .NET CLR 3.0.30729; Media Center PC 6.0; .NET4.0C; .NET4.0E; InfoPath.3; Tablet PC 2.0)","xmlrpc"
"162.158.108.95","2025-11-16T09:57:34Z","/xmlrpc.php","Mozilla/4.0 (compatible; MSIE 7.0; Windows NT 6.1; Trident/7.0; SLCC2; .NET CLR 2.0.50727; .NET CLR 3.5.30729; .NET CLR 3.0.30729; Media Center PC 6.0; .NET4.0C; .NET4.0E; InfoPath.3; Tablet PC 2.0)","xmlrpc"
"172.71.124.40","2025-11-16T09:57:42Z","/xmlrpc.php","Mozilla/4.0 (compatible; MSIE 7.0; Windows NT 6.1; Trident/7.0; SLCC2; .NET CLR 2.0.50727; .NET CLR 3.5.30729; .NET CLR 3.0.30729; Media Center PC 6.0; .NET4.0C; .NET4.0E; InfoPath.3; Tablet PC 2.0)","xmlrpc"
"172.70.93.115","2025-11-16T09:57:56Z","/xmlrpc.php","Mozilla/4.0 (compatible; MSIE 7.0; Windows NT 6.1; Trident/7.0; SLCC2; .NET CLR 2.0.50727; .NET CLR 3.5.30729; .NET CLR 3.0.30729; Media Center PC 6.0; .NET4.0C; .NET4.0E; InfoPath.3; Tablet PC 2.0)","xmlrpc"
"162.158.189.91","2025-11-16T10:00:42Z","/xmlrpc.php","Mozilla/5.0 (Windows NT 10.0; WOW64; Trident/7.0; Touch; TNJB; rv:11.0) like Gecko","xmlrpc"
"108.162.226.30","2025-11-16T10:07:36Z","/xmlrpc.php","Mozilla/5.0 (Windows NT 10.0) AppleWebKit/537.36 (KHTML, like Gecko) Chrome/65.0.3325.181 Safari/537.36","xmlrpc"
"172.71.124.40","2025-11-16T10:07:59Z","/xmlrpc.php","Mozilla/5.0 (Windows NT 10.0) AppleWebKit/537.36 (KHTML, like Gecko) Chrome/65.0.3325.181 Safari/537.36","xmlrpc"
"108.162.226.31","2025-11-16T10:09:50Z","/xmlrpc.php","Mozilla/5.0 (Windows NT 10.0) AppleWebKit/537.36 (KHTML, like Gecko) Chrome/65.0.3325.181 Safari/537.36","xmlrpc"
"172.70.208.134","2025-11-16T10:09:54Z","/xmlrpc.php?rsd","Mozilla/5.0 (Windows NT 10.0; Win64; x64) AppleWebKit/537.36 (KHTML, like Gecko) Chrome/88.0.4240.193 Safari/537.36","xmlrpc"
"162.158.108.94","2025-11-16T10:09:56Z","/xmlrpc.php","Mozilla/5.0 (Windows NT 6.1; Win64; x64) AppleWebKit/537.36 (KHTML, like Gecko) Chrome/66.0.3359.170 Safari/537.36 OPR/53.0.2907.68","xmlrpc"
"172.68.164.78","2025-11-16T10:10:04Z","/xmlrpc.php","Mozilla/5.0 (Windows NT 10.0; Win64; x64) AppleWebKit/537.36 (KHTML, like Gecko) Chrome/88.0.4240.193 Safari/537.36","xmlrpc"
"162.158.189.90","2025-11-16T10:10:04Z","/xmlrpc.php","Mozilla/5.0 (Windows NT 10.0; Win64; x64) AppleWebKit/537.36 (KHTML, like Gecko) Chrome/88.0.4240.193 Safari/537.36","xmlrpc"
"172.71.124.40","2025-11-16T10:10:04Z","/xmlrpc.php","Mozilla/5.0 (Windows NT 10.0; Win64; x64) AppleWebKit/537.36 (KHTML, like Gecko) Chrome/88.0.4240.193 Safari/537.36","xmlrpc"
"162.158.106.77","2025-11-16T10:10:04Z","/xmlrpc.php","Mozilla/5.0 (Windows NT 10.0; Win64; x64) AppleWebKit/537.36 (KHTML, like Gecko) Chrome/88.0.4240.193 Safari/537.36","xmlrpc"
"172.69.165.22","2025-11-16T10:10:12Z","/xmlrpc.php","Mozilla/5.0 (Windows NT 10.0) AppleWebKit/537.36 (KHTML, like Gecko) Chrome/65.0.3325.181 Safari/537.36","xmlrpc"
"108.162.226.31","2025-11-16T10:10:35Z","/xmlrpc.php","Mozilla/5.0 (Windows NT 10.0) AppleWebKit/537.36 (KHTML, like Gecko) Chrome/65.0.3325.181 Safari/537.36","xmlrpc"
"162.158.108.94","2025-11-16T10:10:54Z","/xmlrpc.php","Mozilla/5.0 (Macintosh; Intel Mac OS X 10.9; rv:60.0) Gecko/20100101 Firefox/60.0","xmlrpc"
"172.69.165.22","2025-11-16T10:14:48Z","/xmlrpc.php","Mozilla/5.0 (Windows NT 10.0) AppleWebKit/537.36 (KHTML, like Gecko) Chrome/52.0.2743.116 Safari/537.36 Edge/15.15063","xmlrpc"
"172.71.81.168","2025-11-16T10:15:03Z","/xmlrpc.php","Mozilla/5.0 (Windows NT 10.0) AppleWebKit/537.36 (KHTML, like Gecko) Chrome/52.0.2743.116 Safari/537.36 Edge/15.15063","xmlrpc"
"172.71.81.168","2025-11-16T10:17:31Z","/xmlrpc.php","Mozilla/5.0 (Windows NT 6.3; Win64; x64) AppleWebKit/537.36 (KHTML, like Gecko) Chrome/65.0.3325.181 Safari/537.36 OPR/52.0.2871.99","xmlrpc"
"172.71.81.168","2025-11-16T10:19:04Z","/xmlrpc.php","Mozilla/5.0 (Windows NT 6.2; WOW64; Trident/7.0; rv:11.0) like Gecko","xmlrpc"
"172.69.165.23","2025-11-16T10:20:29Z","/xmlrpc.php","Mozilla/5.0 (Macintosh; Intel Mac OS X 10_10_5) AppleWebKit/537.36 (KHTML, like Gecko) Chrome/66.0.3359.181 Safari/537.36","xmlrpc"
"104.23.175.135","2025-11-16T10:25:22Z","/xmlrpc.php","Mozilla/4.0 (compatible; MSIE 7.0; Windows NT 6.2; WOW64; Trident/7.0; .NET4.0E; .NET4.0C; Tablet PC 2.0; .NET CLR 3.5.30729; .NET CLR 2.0.50727; .NET CLR 3.0.30729; WebMoney Advisor)","xmlrpc"
"172.69.165.22","2025-11-16T10:26:41Z","/xmlrpc.php","Mozilla/5.0 (SAP NetWeaverBusinessClient; Windows NT 6.2; WOW64; Trident/7.0; rv:11.0) like Gecko","xmlrpc"
"172.71.81.167","2025-11-16T10:26:42Z","/xmlrpc.php","Mozilla/5.0 (SAP NetWeaverBusinessClient; Windows NT 6.2; WOW64; Trident/7.0; rv:11.0) like Gecko","xmlrpc"
"162.158.108.94","2025-11-16T10:28:41Z","/xmlrpc.php?rsd","Mozilla/5.0 (Windows NT 10.0; Win64; x64) AppleWebKit/537.36 (KHTML, like Gecko) Chrome/88.0.4240.193 Safari/537.36","xmlrpc"
"162.158.108.94","2025-11-16T10:28:45Z","/xmlrpc.php","Mozilla/5.0 (Windows NT 10.0; Win64; x64) AppleWebKit/537.36 (KHTML, like Gecko) Chrome/88.0.4240.193 Safari/537.36","xmlrpc"
"162.158.108.94","2025-11-16T10:28:45Z","/xmlrpc.php","Mozilla/5.0 (Windows NT 10.0; Win64; x64) AppleWebKit/537.36 (KHTML, like Gecko) Chrome/88.0.4240.193 Safari/537.36","xmlrpc"
"162.158.108.94","2025-11-16T10:28:45Z","/xmlrpc.php","Mozilla/5.0 (Windows NT 10.0; Win64; x64) AppleWebKit/537.36 (KHTML, like Gecko) Chrome/88.0.4240.193 Safari/537.36","xmlrpc"
"162.158.108.94","2025-11-16T10:28:45Z","/xmlrpc.php","Mozilla/5.0 (Windows NT 10.0; Win64; x64) AppleWebKit/537.36 (KHTML, like Gecko) Chrome/88.0.4240.193 Safari/537.36","xmlrpc"
"162.158.162.152","2025-11-16T10:30:13Z","/xmlrpc.php?rsd","Mozilla/5.0 (Windows NT 10.0; Win64; x64) AppleWebKit/537.36 (KHTML, like Gecko) Chrome/88.0.4240.193 Safari/537.36","xmlrpc"
"162.158.108.95","2025-11-16T10:32:11Z","/xmlrpc.php?rsd","Mozilla/5.0 (Windows NT 10.0; Win64; x64) AppleWebKit/537.36 (KHTML, like Gecko) Chrome/88.0.4240.193 Safari/537.36","xmlrpc"
"172.69.165.22","2025-11-16T10:32:17Z","/xmlrpc.php","Mozilla/5.0 (Windows NT 10.0; Win64; x64) AppleWebKit/537.36 (KHTML, like Gecko) Chrome/88.0.4240.193 Safari/537.36","xmlrpc"
"162.158.88.170","2025-11-16T10:32:18Z","/xmlrpc.php","Mozilla/5.0 (Windows NT 10.0; Win64; x64) AppleWebKit/537.36 (KHTML, like Gecko) Chrome/88.0.4240.193 Safari/537.36","xmlrpc"
"172.70.189.164","2025-11-16T10:32:18Z","/xmlrpc.php","Mozilla/5.0 (Windows NT 10.0; Win64; x64) AppleWebKit/537.36 (KHTML, like Gecko) Chrome/88.0.4240.193 Safari/537.36","xmlrpc"
"104.23.175.134","2025-11-16T10:32:19Z","/xmlrpc.php","Mozilla/5.0 (Windows NT 10.0; Win64; x64) AppleWebKit/537.36 (KHTML, like Gecko) Chrome/88.0.4240.193 Safari/537.36","xmlrpc"
"162.158.106.76","2025-11-16T10:34:31Z","/xmlrpc.php","Mozilla/5.0 (Windows NT 10.0; WOW64; Trident/7.0; Touch; LCJB; rv:11.0) like Gecko","xmlrpc"
"162.158.108.95","2025-11-16T10:38:31Z","/xmlrpc.php","Mozilla/5.0 (Macintosh; Intel Mac OS X 10_12_6) AppleWebKit/604.1.38 (KHTML, like Gecko) Version/11.0 Safari/604.1.38","xmlrpc"
"172.70.208.134","2025-11-16T10:43:19Z","/xmlrpc.php","Mozilla/4.0 (compatible; MSIE 7.0; Windows NT 6.1; Trident/7.0; SLCC2; .NET CLR 2.0.50727; .NET CLR 3.5.30729; .NET CLR 3.0.30729; Media Center PC 6.0; .NET4.0C; .NET4.0E; Tablet PC 2.0; Alexa Toolbar)","xmlrpc"
"162.158.170.226","2025-11-16T10:45:51Z","/xmlrpc.php","Mozilla/5.0 (Macintosh; Intel Mac OS X 10_12) AppleWebKit/602.1.40 (KHTML, like Gecko) Version/10.0 Safari/602.1.40","xmlrpc"
"172.71.81.168","2025-11-16T10:45:52Z","/xmlrpc.php","Mozilla/5.0 (Macintosh; Intel Mac OS X 10_12) AppleWebKit/602.1.40 (KHTML, like Gecko) Version/10.0 Safari/602.1.40","xmlrpc"
"172.70.189.164","2025-11-16T10:45:53Z","/xmlrpc.php","Mozilla/5.0 (Macintosh; Intel Mac OS X 10_12) AppleWebKit/602.1.40 (KHTML, like Gecko) Version/10.0 Safari/602.1.40","xmlrpc"
"162.158.106.77","2025-11-16T10:45:54Z","/xmlrpc.php","Mozilla/5.0 (Macintosh; Intel Mac OS X 10_12) AppleWebKit/602.1.40 (KHTML, like Gecko) Version/10.0 Safari/602.1.40","xmlrpc"
"162.158.108.94","2025-11-16T10:45:56Z","/xmlrpc.php","Mozilla/5.0 (Macintosh; Intel Mac OS X 10_12) AppleWebKit/602.1.40 (KHTML, like Gecko) Version/10.0 Safari/602.1.40","xmlrpc"
"162.158.170.226","2025-11-16T10:45:57Z","/xmlrpc.php","Mozilla/5.0 (Macintosh; Intel Mac OS X 10_12) AppleWebKit/602.1.40 (KHTML, like Gecko) Version/10.0 Safari/602.1.40","xmlrpc"
"172.69.165.23","2025-11-16T10:45:58Z","/xmlrpc.php","Mozilla/5.0 (Macintosh; Intel Mac OS X 10_12) AppleWebKit/602.1.40 (KHTML, like Gecko) Version/10.0 Safari/602.1.40","xmlrpc"
"172.71.124.40","2025-11-16T10:46:00Z","/xmlrpc.php","Mozilla/5.0 (Macintosh; Intel Mac OS X 10_12) AppleWebKit/602.1.40 (KHTML, like Gecko) Version/10.0 Safari/602.1.40","xmlrpc"
"108.162.226.141","2025-11-16T10:47:08Z","/xmlrpc.php?rsd","Mozilla/5.0 (Windows NT 10.0; Win64; x64) AppleWebKit/537.36 (KHTML, like Gecko) Chrome/88.0.4240.193 Safari/537.36","xmlrpc"
"108.162.226.141","2025-11-16T10:47:11Z","/xmlrpc.php","Mozilla/5.0 (Windows NT 10.0; Win64; x64) AppleWebKit/537.36 (KHTML, like Gecko) Chrome/88.0.4240.193 Safari/537.36","xmlrpc"
"162.158.106.77","2025-11-16T10:49:34Z","/xmlrpc.php","Mozilla/5.0 (Windows NT 6.1; Win64; x64) AppleWebKit/537.36 (KHTML, like Gecko) Chrome/63.0.3239.132 Safari/537.36 OPR/50.0.2762.67","xmlrpc"
"172.70.93.115","2025-11-16T10:49:39Z","/xmlrpc.php","Mozilla/5.0 (Windows NT 5.1; Win64; x64) AppleWebKit/537.36 (KHTML, like Gecko) Chrome/65.0.3325.181 Safari/537.36 OPR/52.0.2871.99","xmlrpc"
"172.70.93.115","2025-11-16T10:49:45Z","/xmlrpc.php","Mozilla/5.0 (Windows NT 6.1; Win64; x64) AppleWebKit/537.36 (KHTML, like Gecko) Chrome/63.0.3239.132 Safari/537.36 OPR/50.0.2762.67","xmlrpc"
"162.158.170.227","2025-11-16T10:50:02Z","/xmlrpc.php","Mozilla/5.0 (Windows NT 6.1; Win64; x64) AppleWebKit/537.36 (KHTML, like Gecko) Chrome/63.0.3239.132 Safari/537.36 OPR/50.0.2762.67","xmlrpc"
"162.158.88.89","2025-11-16T10:50:30Z","/xmlrpc.php","Mozilla/4.0 (compatible; MSIE 7.0; Windows NT 6.1; WOW64; Trident/7.0; SLCC2; .NET CLR 2.0.50727; .NET4.0C; .NET4.0E; FBViewer-6.0.4.0; .NET CLR 3.5.30729; .NET CLR 3.0.30729)","xmlrpc"
"162.158.170.18","2025-11-16T10:51:59Z","/xmlrpc.php?rsd","Mozilla/5.0 (Windows NT 10.0; Win64; x64) AppleWebKit/537.36 (KHTML, like Gecko) Chrome/88.0.4240.193 Safari/537.36","xmlrpc"
"172.69.165.22","2025-11-16T10:55:35Z","/xmlrpc.php","Mozilla/5.0 (Macintosh; Intel Mac OS X 10_13_4) AppleWebKit/537.36 (KHTML, like Gecko) Chrome/66.0.3359.181 Safari/537.36","xmlrpc"
"172.69.165.22","2025-11-16T10:58:10Z","/xmlrpc.php?rsd","Mozilla/5.0 (Windows NT 10.0; Win64; x64) AppleWebKit/537.36 (KHTML, like Gecko) Chrome/88.0.4240.193 Safari/537.36","xmlrpc"
"172.69.165.22","2025-11-16T10:58:11Z","/xmlrpc.php","Mozilla/5.0 (Windows NT 10.0; Win64; x64) AppleWebKit/537.36 (KHTML, like Gecko) Chrome/88.0.4240.193 Safari/537.36","xmlrpc"
"172.69.165.22","2025-11-16T10:58:11Z","/xmlrpc.php","Mozilla/5.0 (Windows NT 10.0; Win64; x64) AppleWebKit/537.36 (KHTML, like Gecko) Chrome/88.0.4240.193 Safari/537.36","xmlrpc"
"172.69.165.22","2025-11-16T10:58:11Z","/xmlrpc.php","Mozilla/5.0 (Windows NT 10.0; Win64; x64) AppleWebKit/537.36 (KHTML, like Gecko) Chrome/88.0.4240.193 Safari/537.36","xmlrpc"
"172.69.165.22","2025-11-16T10:58:11Z","/xmlrpc.php","Mozilla/5.0 (Windows NT 10.0; Win64; x64) AppleWebKit/537.36 (KHTML, like Gecko) Chrome/88.0.4240.193 Safari/537.36","xmlrpc"
"172.69.165.22","2025-11-16T10:59:09Z","/xmlrpc.php","Mozilla/5.0 (MSIE 8.0; Windows NT 6.0; Trident/7.0; rv:11.0) like Gecko","xmlrpc"
"172.70.208.135","2025-11-16T11:00:58Z","/xmlrpc.php","Mozilla/5.0 (Windows NT 6.3; WOW64) AppleWebKit/537.36 (KHTML, like Gecko) Chrome/66.0.3359.139 Safari/537.36","xmlrpc"
"104.23.175.134","2025-11-16T11:01:18Z","/xmlrpc.php","Mozilla/5.0 (Windows NT 6.3; WOW64) AppleWebKit/537.36 (KHTML, like Gecko) Chrome/66.0.3359.139 Safari/537.36","xmlrpc"
"172.71.81.168","2025-11-16T11:01:36Z","/xmlrpc.php","Mozilla/5.0 (Windows NT 6.3; WOW64) AppleWebKit/537.36 (KHTML, like Gecko) Chrome/66.0.3359.139 Safari/537.36","xmlrpc"
"172.69.166.126","2025-11-16T11:01:44Z","/xmlrpc.php","Mozilla/5.0 (Windows NT 6.3; WOW64) AppleWebKit/537.36 (KHTML, like Gecko) Chrome/66.0.3359.139 Safari/537.36","xmlrpc"
"172.71.81.168","2025-11-16T11:01:52Z","/xmlrpc.php","Mozilla/5.0 (Windows NT 6.3; WOW64) AppleWebKit/537.36 (KHTML, like Gecko) Chrome/66.0.3359.139 Safari/537.36","xmlrpc"
"172.70.93.115","2025-11-16T11:01:56Z","/xmlrpc.php","Mozilla/5.0 (Windows NT 6.3; WOW64) AppleWebKit/537.36 (KHTML, like Gecko) Chrome/66.0.3359.139 Safari/537.36","xmlrpc"
"172.70.189.164","2025-11-16T11:02:00Z","/xmlrpc.php","Mozilla/5.0 (Windows NT 6.3; WOW64) AppleWebKit/537.36 (KHTML, like Gecko) Chrome/66.0.3359.139 Safari/537.36","xmlrpc"
"162.158.189.91","2025-11-16T11:03:17Z","/xmlrpc.php","Mozilla/5.0 (Windows NT 6.3) AppleWebKit/537.36 (KHTML, like Gecko) Chrome/66.0.3359.139 Safari/537.36","xmlrpc"
"172.69.165.22","2025-11-16T11:03:47Z","/xmlrpc.php","Mozilla/5.0 (Windows NT 6.3) AppleWebKit/537.36 (KHTML, like Gecko) Chrome/66.0.3359.139 Safari/537.36","xmlrpc"
"172.69.176.9","2025-11-16T11:13:59Z","/xmlrpc.php?rsd","Mozilla/5.0 (Windows NT 10.0; Win64; x64) AppleWebKit/537.36 (KHTML, like Gecko) Chrome/88.0.4240.193 Safari/537.36","xmlrpc"
"172.69.176.8","2025-11-16T11:14:06Z","/xmlrpc.php","Mozilla/5.0 (Windows NT 10.0; Win64; x64) AppleWebKit/537.36 (KHTML, like Gecko) Chrome/88.0.4240.193 Safari/537.36","xmlrpc"
"172.69.176.9","2025-11-16T11:14:06Z","/xmlrpc.php","Mozilla/5.0 (Windows NT 10.0; Win64; x64) AppleWebKit/537.36 (KHTML, like Gecko) Chrome/88.0.4240.193 Safari/537.36","xmlrpc"
"172.71.81.168","2025-11-16T11:14:06Z","/xmlrpc.php","Mozilla/5.0 (Windows NT 10.0; Win64; x64) AppleWebKit/537.36 (KHTML, like Gecko) Chrome/88.0.4240.193 Safari/537.36","xmlrpc"
"162.158.189.91","2025-11-16T11:14:06Z","/xmlrpc.php","Mozilla/5.0 (Windows NT 10.0; Win64; x64) AppleWebKit/537.36 (KHTML, like Gecko) Chrome/88.0.4240.193 Safari/537.36","xmlrpc"
"162.158.108.94","2025-11-16T11:15:29Z","/xmlrpc.php","Mozilla/5.0 (Macintosh; Intel Mac OS X 10_13) AppleWebKit/604.1.38 (KHTML, like Gecko) Version/11.0 Safari/604.1.38","xmlrpc"
"172.68.164.79","2025-11-16T11:15:45Z","/xmlrpc.php","Mozilla/5.0 (Windows NT 6.3; WOW64; Trident/7.0; MASAJS; rv:11.0) like Gecko","xmlrpc"
"172.70.189.163","2025-11-16T11:15:46Z","/xmlrpc.php","Mozilla/5.0 (Macintosh; Intel Mac OS X 10_13) AppleWebKit/604.1.38 (KHTML, like Gecko) Version/11.0 Safari/604.1.38","xmlrpc"
"172.70.93.115","2025-11-16T11:17:26Z","/xmlrpc.php","Mozilla/5.0 (Windows NT 6.3; Win64; x64) AppleWebKit/537.36 (KHTML, like Gecko) Chrome/65.0.3325.181 Safari/537.36","xmlrpc"
"172.69.176.9","2025-11-16T11:17:45Z","/xmlrpc.php","Mozilla/5.0 (Windows NT 6.3; Win64; x64) AppleWebKit/537.36 (KHTML, like Gecko) Chrome/65.0.3325.181 Safari/537.36","xmlrpc"
"172.69.176.9","2025-11-16T11:17:51Z","/xmlrpc.php","Mozilla/5.0 (Windows NT 6.3; Win64; x64) AppleWebKit/537.36 (KHTML, like Gecko) Chrome/65.0.3325.181 Safari/537.36","xmlrpc"
"172.71.81.168","2025-11-16T11:18:08Z","/xmlrpc.php","Mozilla/5.0 (Windows NT 6.3; Win64; x64) AppleWebKit/537.36 (KHTML, like Gecko) Chrome/65.0.3325.181 Safari/537.36","xmlrpc"
"172.69.166.126","2025-11-16T11:18:49Z","/xmlrpc.php","Mozilla/5.0 (MSIE 9.0; Windows NT 6.1; WOW64; Trident/7.0; rv:11.0) like Gecko","xmlrpc"
"162.158.189.91","2025-11-16T11:19:08Z","/xmlrpc.php","Mozilla/5.0 (MSIE 9.0; Windows NT 6.1; WOW64; Trident/7.0; rv:11.0) like Gecko","xmlrpc"
"172.69.165.22","2025-11-16T11:19:27Z","/xmlrpc.php","Mozilla/5.0 (MSIE 9.0; Windows NT 6.1; WOW64; Trident/7.0; rv:11.0) like Gecko","xmlrpc"
"172.70.189.163","2025-11-16T11:19:45Z","/xmlrpc.php","Mozilla/5.0 (MSIE 9.0; Windows NT 6.1; WOW64; Trident/7.0; rv:11.0) like Gecko","xmlrpc"
"172.71.81.168","2025-11-16T11:20:16Z","/xmlrpc.php","Mozilla/5.0 (MSIE 9.0; Windows NT 6.1; WOW64; Trident/7.0; rv:11.0) like Gecko","xmlrpc"
"162.158.108.95","2025-11-16T11:20:32Z","/xmlrpc.php","Mozilla/5.0 (MSIE 9.0; Windows NT 6.1; WOW64; Trident/7.0; rv:11.0) like Gecko","xmlrpc"
"162.158.88.170","2025-11-16T11:20:50Z","/xmlrpc.php","Mozilla/5.0 (MSIE 9.0; Windows NT 6.1; WOW64; Trident/7.0; rv:11.0) like Gecko","xmlrpc"
"162.158.88.171","2025-11-16T11:27:34Z","/xmlrpc.php","Mozilla/4.0 (compatible; MSIE 7.0; Windows NT 6.2; WOW64; Trident/7.0; .NET4.0E; .NET4.0C; Tablet PC 2.0; .NET CLR 3.5.30729; .NET CLR 2.0.50727; .NET CLR 3.0.30729; McAfee; LCJB)","xmlrpc"
"172.70.208.135","2025-11-16T11:29:57Z","/xmlrpc.php","Mozilla/5.0 (Windows NT 6.3; WOW64; Trident/7.0; Touch; MATBJS; rv:11.0) like Gecko","xmlrpc"
"172.70.208.135","2025-11-16T11:30:46Z","/xmlrpc.php","Mozilla/5.0 (Windows NT 10.0; WOW64; Trident/7.0; yie11; rv:11.0) like Gecko","xmlrpc"
"172.69.166.126","2025-11-16T11:30:48Z","/xmlrpc.php","Mozilla/5.0 (Windows NT 10.0; WOW64; Trident/7.0; yie11; rv:11.0) like Gecko","xmlrpc"
"172.70.93.115","2025-11-16T11:30:50Z","/xmlrpc.php","Mozilla/5.0 (Windows NT 10.0; WOW64; Trident/7.0; yie11; rv:11.0) like Gecko","xmlrpc"
"172.69.176.9","2025-11-16T11:30:52Z","/xmlrpc.php","Mozilla/5.0 (Windows NT 10.0; WOW64; Trident/7.0; yie11; rv:11.0) like Gecko","xmlrpc"
"172.68.164.79","2025-11-16T11:30:53Z","/xmlrpc.php","Mozilla/5.0 (Windows NT 10.0; WOW64; Trident/7.0; yie11; rv:11.0) like Gecko","xmlrpc"
"172.68.164.79","2025-11-16T11:30:54Z","/xmlrpc.php","Mozilla/5.0 (Windows NT 10.0; WOW64; Trident/7.0; yie11; rv:11.0) like Gecko","xmlrpc"
"172.70.93.115","2025-11-16T11:30:55Z","/xmlrpc.php","Mozilla/5.0 (Windows NT 10.0; WOW64; Trident/7.0; yie11; rv:11.0) like Gecko","xmlrpc"
"162.158.170.226","2025-11-16T11:30:57Z","/xmlrpc.php","Mozilla/5.0 (Windows NT 10.0; WOW64; Trident/7.0; yie11; rv:11.0) like Gecko","xmlrpc"
"162.158.170.226","2025-11-16T11:32:10Z","/xmlrpc.php","Mozilla/5.0 (Macintosh; Intel Mac OS X 10_13_1) AppleWebKit/537.36 (KHTML, like Gecko) Chrome/65.0.3325.181 Safari/537.36","xmlrpc"
"172.68.164.78","2025-11-16T11:32:25Z","/xmlrpc.php","Mozilla/5.0 (Windows NT 10.0) AppleWebKit/537.36 (KHTML, like Gecko) Chrome/65.0.3325.146 Safari/537.36","xmlrpc"
"172.71.124.41","2025-11-16T11:32:40Z","/xmlrpc.php","Mozilla/5.0 (Macintosh; Intel Mac OS X 10_13_1) AppleWebKit/537.36 (KHTML, like Gecko) Chrome/65.0.3325.181 Safari/537.36","xmlrpc"
"172.69.176.9","2025-11-16T11:32:42Z","/xmlrpc.php","Mozilla/5.0 (Macintosh; Intel Mac OS X 10_12_6) AppleWebKit/537.36 (KHTML, like Gecko) Chrome/66.0.3359.139 Safari/537.36","xmlrpc"
"172.70.142.50","2025-11-16T11:46:40Z","/xmlrpc.php","Mozilla/5.0 (Windows NT 10.0; Win64; x64; rv:62.0) Gecko/20100101 Firefox/62.0","xmlrpc"
"108.162.226.31","2025-11-16T11:46:54Z","/xmlrpc.php","Mozilla/5.0 (Windows NT 10.0; Win64; x64; rv:62.0) Gecko/20100101 Firefox/62.0","xmlrpc"
"172.71.81.167","2025-11-16T11:47:08Z","/xmlrpc.php","Mozilla/5.0 (Windows NT 10.0; Win64; x64; rv:62.0) Gecko/20100101 Firefox/62.0","xmlrpc"
"172.71.124.41","2025-11-16T11:49:08Z","/xmlrpc.php","Mozilla/5.0 (Windows NT 6.3; WOW64; Trident/7.0; Touch; MAGWJS; rv:11.0) like Gecko","xmlrpc"
"172.69.176.8","2025-11-16T11:49:47Z","/xmlrpc.php","Mozilla/5.0 (Windows NT 6.0; Win64; x64) AppleWebKit/537.36 (KHTML, like Gecko) Chrome/66.0.3359.117 Safari/537.36","xmlrpc"
"172.70.189.163","2025-11-16T11:49:59Z","/xmlrpc.php","Mozilla/5.0 (Windows NT 6.0; Win64; x64) AppleWebKit/537.36 (KHTML, like Gecko) Chrome/66.0.3359.117 Safari/537.36","xmlrpc"
"172.70.208.134","2025-11-16T11:50:23Z","/xmlrpc.php","Mozilla/5.0 (Windows NT 6.0; Win64; x64) AppleWebKit/537.36 (KHTML, like Gecko) Chrome/66.0.3359.117 Safari/537.36","xmlrpc"
"162.158.170.226","2025-11-16T11:50:50Z","/xmlrpc.php","Mozilla/5.0 (Windows NT 6.0; Win64; x64) AppleWebKit/537.36 (KHTML, like Gecko) Chrome/66.0.3359.117 Safari/537.36","xmlrpc"
"172.69.176.8","2025-11-16T11:51:30Z","/xmlrpc.php","Mozilla/5.0 (Windows NT 6.0; Win64; x64) AppleWebKit/537.36 (KHTML, like Gecko) Chrome/66.0.3359.117 Safari/537.36","xmlrpc"
"172.71.124.41","2025-11-16T11:52:55Z","/xmlrpc.php","Mozilla/5.0 (Windows NT 6.2; Win64; x64) AppleWebKit/537.36 (KHTML, like Gecko) Chrome/65.0.3325.181 Safari/537.36 OPR/52.0.2871.99","xmlrpc"
"172.68.164.79","2025-11-16T11:53:02Z","/xmlrpc.php","Mozilla/5.0 (X11; CrOS x86_64 10452.96.0) AppleWebKit/537.36 (KHTML, like Gecko) Chrome/66.0.3359.181 Safari/537.36","xmlrpc"
"172.70.208.134","2025-11-16T11:53:26Z","/xmlrpc.php","Mozilla/5.0 (Windows NT 6.2; Win64; x64) AppleWebKit/537.36 (KHTML, like Gecko) Chrome/65.0.3325.181 Safari/537.36 OPR/52.0.2871.99","xmlrpc"
"172.69.176.8","2025-11-16T11:53:31Z","/xmlrpc.php","Mozilla/5.0 (X11; CrOS x86_64 10452.96.0) AppleWebKit/537.36 (KHTML, like Gecko) Chrome/66.0.3359.181 Safari/537.36","xmlrpc"
"172.69.176.8","2025-11-16T11:53:47Z","/xmlrpc.php","Mozilla/5.0 (X11; CrOS x86_64 10452.96.0) AppleWebKit/537.36 (KHTML, like Gecko) Chrome/66.0.3359.181 Safari/537.36","xmlrpc"
"162.158.106.77","2025-11-16T11:54:38Z","/xmlrpc.php","Mozilla/5.0 (X11; CrOS x86_64 10452.96.0) AppleWebKit/537.36 (KHTML, like Gecko) Chrome/66.0.3359.181 Safari/537.36","xmlrpc"
"162.158.88.171","2025-11-16T11:54:58Z","/xmlrpc.php","Mozilla/5.0 (X11; CrOS x86_64 10452.96.0) AppleWebKit/537.36 (KHTML, like Gecko) Chrome/66.0.3359.181 Safari/537.36","xmlrpc"
"172.70.93.114","2025-11-16T12:01:17Z","/xmlrpc.php","Mozilla/5.0 (Windows NT 6.1; WOW64; rv:61.0) Gecko/20100101 Firefox/61.0","xmlrpc"
"172.70.189.164","2025-11-16T12:02:52Z","/xmlrpc.php","Mozilla/5.0 (Windows NT 6.3; Trident/7.0; Touch; rv:11.0) like Gecko","xmlrpc"
"108.162.226.31","2025-11-16T12:02:59Z","/xmlrpc.php","Mozilla/5.0 (Windows NT 6.3; Trident/7.0; Touch; rv:11.0) like Gecko","xmlrpc"
"162.158.189.90","2025-11-16T12:03:12Z","/xmlrpc.php","Mozilla/5.0 (Windows NT 6.3; Trident/7.0; Touch; rv:11.0) like Gecko","xmlrpc"
"172.70.189.164","2025-11-16T12:03:23Z","/xmlrpc.php","Mozilla/5.0 (Windows NT 6.3; Trident/7.0; Touch; rv:11.0) like Gecko","xmlrpc"
"162.158.189.90","2025-11-16T12:03:41Z","/xmlrpc.php","Mozilla/5.0 (Windows NT 6.3; Trident/7.0; Touch; rv:11.0) like Gecko","xmlrpc"
"104.23.175.135","2025-11-16T12:09:53Z","/xmlrpc.php","Mozilla/5.0 (Windows NT 10.0; Win64; x64) AppleWebKit/537.36 (KHTML, like Gecko) Chrome/64.0.3282.140 Safari/537.36 Edge/17.17134","xmlrpc"
"172.69.176.9","2025-11-16T12:10:15Z","/xmlrpc.php","Mozilla/5.0 (Windows NT 10.0; Win64; x64) AppleWebKit/537.36 (KHTML, like Gecko) Chrome/64.0.3282.140 Safari/537.36 Edge/17.17134","xmlrpc"
"172.69.165.23","2025-11-16T12:10:56Z","/xmlrpc.php","Mozilla/5.0 (Windows NT 6.3; WOW64; Trident/7.0; MASMJS; rv:11.0) like Gecko","xmlrpc"
"172.70.189.163","2025-11-16T12:12:57Z","/xmlrpc.php","Mozilla/5.0 (Windows NT 6.3; WOW64; Trident/7.0; MASPJS; rv:11.0) like Gecko","xmlrpc"
"172.69.166.126","2025-11-16T12:12:57Z","/xmlrpc.php","Mozilla/5.0 (Windows NT 10.0; WOW64; Trident/7.0; TBTE; rv:11.0) like Gecko","xmlrpc"
"162.158.88.170","2025-11-16T12:13:01Z","/xmlrpc.php","Mozilla/5.0 (Windows NT 10.0; WOW64; Trident/7.0; TBTE; rv:11.0) like Gecko","xmlrpc"
"104.23.175.135","2025-11-16T12:13:05Z","/xmlrpc.php","Mozilla/5.0 (Windows NT 10.0; WOW64; Trident/7.0; TBTE; rv:11.0) like Gecko","xmlrpc"
"172.70.93.115","2025-11-16T12:13:10Z","/xmlrpc.php","Mozilla/5.0 (Windows NT 10.0; WOW64; Trident/7.0; TBTE; rv:11.0) like Gecko","xmlrpc"
"172.70.189.163","2025-11-16T12:13:20Z","/xmlrpc.php","Mozilla/5.0 (Windows NT 10.0; WOW64; Trident/7.0; TBTE; rv:11.0) like Gecko","xmlrpc"
"172.70.208.135","2025-11-16T12:13:25Z","/xmlrpc.php","Mozilla/5.0 (Windows NT 6.3; WOW64; Trident/7.0; MASPJS; rv:11.0) like Gecko","xmlrpc"
"172.71.81.167","2025-11-16T12:13:32Z","/xmlrpc.php","Mozilla/5.0 (Windows NT 10.0; WOW64; Trident/7.0; TBTE; rv:11.0) like Gecko","xmlrpc"
"172.71.81.167","2025-11-16T12:13:48Z","/xmlrpc.php","Mozilla/5.0 (Macintosh; Intel Mac OS X 10_10_5) AppleWebKit/537.36 (KHTML, like Gecko) Chrome/66.0.3359.139 Safari/537.36","xmlrpc"
"172.71.124.40","2025-11-16T12:14:12Z","/xmlrpc.php","Mozilla/5.0 (Macintosh; Intel Mac OS X 10_10_5) AppleWebKit/537.36 (KHTML, like Gecko) Chrome/66.0.3359.139 Safari/537.36","xmlrpc"
"172.69.176.9","2025-11-16T12:14:22Z","/xmlrpc.php","Mozilla/5.0 (Macintosh; Intel Mac OS X 10_10_5) AppleWebKit/537.36 (KHTML, like Gecko) Chrome/66.0.3359.139 Safari/537.36","xmlrpc"
"172.69.176.9","2025-11-16T12:14:28Z","/xmlrpc.php","Mozilla/5.0 (Macintosh; Intel Mac OS X 10_10_5) AppleWebKit/537.36 (KHTML, like Gecko) Chrome/66.0.3359.139 Safari/537.36","xmlrpc"
"162.158.88.170","2025-11-16T12:14:31Z","/xmlrpc.php","Mozilla/5.0 (Macintosh; Intel Mac OS X 10_10_5) AppleWebKit/537.36 (KHTML, like Gecko) Chrome/66.0.3359.139 Safari/537.36","xmlrpc"
"162.158.170.133","2025-11-16T12:14:34Z","/xmlrpc.php","Mozilla/5.0 (Macintosh; Intel Mac OS X 10_10_5) AppleWebKit/537.36 (KHTML, like Gecko) Chrome/66.0.3359.139 Safari/537.36","xmlrpc"
"172.71.124.40","2025-11-16T12:14:37Z","/xmlrpc.php","Mozilla/5.0 (Macintosh; Intel Mac OS X 10_10_5) AppleWebKit/537.36 (KHTML, like Gecko) Chrome/66.0.3359.139 Safari/537.36","xmlrpc"
"172.68.164.78","2025-11-16T12:15:38Z","/xmlrpc.php","Mozilla/5.0 (Windows NT 6.1; Win64; x64) AppleWebKit/537.36 (KHTML, like Gecko) Chrome/66.0.3359.139 Safari/537.36","xmlrpc"
"162.158.170.227","2025-11-16T12:16:08Z","/xmlrpc.php","Mozilla/5.0 (Windows NT 6.1; Win64; x64) AppleWebKit/537.36 (KHTML, like Gecko) Chrome/66.0.3359.139 Safari/537.36","xmlrpc"
"172.69.165.22","2025-11-16T12:16:36Z","/xmlrpc.php","Mozilla/5.0 (Windows NT 6.1; Win64; x64) AppleWebKit/537.36 (KHTML, like Gecko) Chrome/66.0.3359.139 Safari/537.36","xmlrpc"
"172.69.165.23","2025-11-16T12:19:37Z","/xmlrpc.php","Mozilla/4.0 (compatible; MSIE 7.0; Windows NT 6.3; WOW64; Trident/7.0; Touch; .NET4.0E; .NET4.0C; Tablet PC 2.0; .NET CLR 3.5.30729; .NET CLR 2.0.50727; .NET CLR 3.0.30729)","xmlrpc"
"172.70.208.134","2025-11-16T12:24:43Z","/xmlrpc.php","Mozilla/4.0 (compatible; MSIE 7.0; Windows NT 6.1; Trident/7.0; SLCC2; .NET CLR 2.0.50727; .NET CLR 3.5.30729; .NET CLR 3.0.30729; Media Center PC 6.0; .NET4.0C; .NET4.0E; InfoPath.3; Tablet PC 2.0)","xmlrpc"
"108.162.226.30","2025-11-16T12:28:37Z","/xmlrpc.php","Mozilla/4.0 (compatible; MSIE 7.0; Windows NT 6.2; WOW64; Trident/7.0; .NET4.0E; .NET4.0C)","xmlrpc"
"162.158.106.77","2025-11-16T12:28:59Z","/xmlrpc.php","Mozilla/4.0 (compatible; MSIE 7.0; Windows NT 6.2; WOW64; Trident/7.0; .NET4.0E; .NET4.0C)","xmlrpc"
"172.70.208.135","2025-11-16T12:33:43Z","/xmlrpc.php","Mozilla/5.0 (Macintosh; Intel Mac OS X 10_13_5) AppleWebKit/537.36 (KHTML, like Gecko) Chrome/66.0.3359.181 Safari/537.36","xmlrpc"
"162.158.189.90","2025-11-16T12:38:23Z","/xmlrpc.php","Mozilla/5.0 (Windows NT 6.1; WOW64; Trident/7.0; rv:11.0) like Gecko","xmlrpc"
"162.158.170.226","2025-11-16T12:38:26Z","/xmlrpc.php","Mozilla/5.0 (Windows NT 6.1; WOW64; Trident/7.0; rv:11.0) like Gecko","xmlrpc"
"162.158.189.90","2025-11-16T12:38:29Z","/xmlrpc.php","Mozilla/5.0 (Windows NT 6.1; WOW64; Trident/7.0; rv:11.0) like Gecko","xmlrpc"
"162.158.88.171","2025-11-16T12:38:32Z","/xmlrpc.php","Mozilla/5.0 (Windows NT 6.1; WOW64; Trident/7.0; rv:11.0) like Gecko","xmlrpc"
"162.158.106.76","2025-11-16T12:38:35Z","/xmlrpc.php","Mozilla/5.0 (Windows NT 6.1; WOW64; Trident/7.0; rv:11.0) like Gecko","xmlrpc"
"172.69.176.9","2025-11-16T12:38:38Z","/xmlrpc.php","Mozilla/5.0 (Windows NT 6.1; WOW64; Trident/7.0; rv:11.0) like Gecko","xmlrpc"
"162.158.170.226","2025-11-16T12:38:41Z","/xmlrpc.php","Mozilla/5.0 (Windows NT 6.1; WOW64; Trident/7.0; rv:11.0) like Gecko","xmlrpc"
"172.70.208.134","2025-11-16T12:38:43Z","/xmlrpc.php","Mozilla/5.0 (Windows NT 6.1; WOW64; Trident/7.0; rv:11.0) like Gecko","xmlrpc"
"162.158.88.170","2025-11-16T12:48:30Z","/xmlrpc.php","Mozilla/5.0 (Windows NT 6.0; WOW64; Trident/7.0; rv:11.0) like Gecko","xmlrpc"
"172.70.142.50","2025-11-16T12:49:13Z","/xmlrpc.php","Mozilla/5.0 (Macintosh; Intel Mac OS X 10_13_6) AppleWebKit/605.1.15 (KHTML, like Gecko) Version/11.1.2 Safari/605.1.15","xmlrpc"
"162.158.189.153","2025-11-16T12:49:58Z","/xmlrpc.php?rsd","Mozilla/5.0 (Windows NT 10.0; Win64; x64) AppleWebKit/537.36 (KHTML, like Gecko) Chrome/134.0.0.0 Safari/537.36","xmlrpc"
"162.158.170.227","2025-11-16T12:51:37Z","/xmlrpc.php","Mozilla/5.0 (compatible; MSIE 10.0; Windows NT 6.2; Trident/7.0)","xmlrpc"
"172.71.81.167","2025-11-16T12:51:47Z","/xmlrpc.php","Mozilla/5.0 (compatible; MSIE 10.0; Windows NT 6.2; Trident/7.0)","xmlrpc"
"172.68.164.101","2025-11-16T12:52:01Z","/xmlrpc.php","Mozilla/5.0 (compatible; MSIE 10.0; Windows NT 6.2; Trident/7.0)","xmlrpc"
"172.69.166.126","2025-11-16T12:52:07Z","/xmlrpc.php","Mozilla/5.0 (compatible; MSIE 10.0; Windows NT 6.2; Trident/7.0)","xmlrpc"
"162.158.108.95","2025-11-16T12:52:37Z","/xmlrpc.php","Mozilla/5.0 (compatible; MSIE 10.0; Windows NT 6.2; Trident/7.0)","xmlrpc"
"162.158.189.91","2025-11-16T12:52:53Z","/xmlrpc.php","Mozilla/5.0 (compatible; MSIE 10.0; Windows NT 6.2; Trident/7.0)","xmlrpc"
"172.70.208.135","2025-11-16T12:53:08Z","/xmlrpc.php","Mozilla/5.0 (compatible; MSIE 10.0; Windows NT 6.2; Trident/7.0)","xmlrpc"
"104.23.175.134","2025-11-16T12:56:35Z","/xmlrpc.php","Mozilla/5.0 (Macintosh; Intel Mac OS X 10_12) AppleWebKit/602.1.40 (KHTML, like Gecko) Version/10.0 Safari/602.1.40","xmlrpc"
"172.70.208.81","2025-11-16T12:58:02Z","//xmlrpc.php?rsd","Mozilla/5.0 (Windows NT 10.0; Win64; x64) AppleWebKit/537.36 (KHTML, like Gecko) Chrome/78.0.3904.108 Safari/537.36","xmlrpc"
"162.158.108.94","2025-11-16T12:58:19Z","/xmlrpc.php?rsd","Mozilla/5.0 (Windows NT 10.0; Win64; x64) AppleWebKit/537.36 (KHTML, like Gecko) Chrome/78.0.3904.108 Safari/537.36","xmlrpc"
"162.158.108.94","2025-11-16T12:58:21Z","/xmlrpc.php","Mozilla/5.0 (Windows NT 10.0; Win64; x64) AppleWebKit/537.36 (KHTML, like Gecko) Chrome/78.0.3904.108 Safari/537.36","xmlrpc"
"162.158.108.94","2025-11-16T12:58:21Z","/xmlrpc.php","Mozilla/5.0 (Windows NT 10.0; Win64; x64) AppleWebKit/537.36 (KHTML, like Gecko) Chrome/78.0.3904.108 Safari/537.36","xmlrpc"
"162.158.108.94","2025-11-16T12:58:21Z","/xmlrpc.php","Mozilla/5.0 (Windows NT 10.0; Win64; x64) AppleWebKit/537.36 (KHTML, like Gecko) Chrome/78.0.3904.108 Safari/537.36","xmlrpc"
"162.158.108.94","2025-11-16T12:58:21Z","/xmlrpc.php","Mozilla/5.0 (Windows NT 10.0; Win64; x64) AppleWebKit/537.36 (KHTML, like Gecko) Chrome/78.0.3904.108 Safari/537.36","xmlrpc"
"162.158.108.94","2025-11-16T12:58:21Z","/xmlrpc.php","Mozilla/5.0 (Windows NT 10.0; Win64; x64) AppleWebKit/537.36 (KHTML, like Gecko) Chrome/78.0.3904.108 Safari/537.36","xmlrpc"
"162.158.108.94","2025-11-16T12:58:21Z","/xmlrpc.php","Mozilla/5.0 (Windows NT 10.0; Win64; x64) AppleWebKit/537.36 (KHTML, like Gecko) Chrome/78.0.3904.108 Safari/537.36","xmlrpc"
"172.71.124.40","2025-11-16T12:59:55Z","/xmlrpc.php","Mozilla/5.0 (Linux; Android 14; SM-G998B) AppleWebKit/537.36 (KHTML, like Gecko) Chrome/121.0.0.0 Mobile Safari/537.36","xmlrpc"
"172.71.81.167","2025-11-16T13:00:48Z","/xmlrpc.php","Mozilla/5.0 (Windows NT 10.0; Win64; x64) AppleWebKit/537.36 (KHTML, like Gecko) Chrome/66.0.3359.181 Safari/537.36","xmlrpc"
"172.71.124.40","2025-11-16T13:01:26Z","/xmlrpc.php","Mozilla/5.0 (Macintosh; Intel Mac OS X 10_13_1) AppleWebKit/537.36 (KHTML, like Gecko) Chrome/66.0.3359.139 Safari/537.36","xmlrpc"
"172.68.164.78","2025-11-16T13:01:33Z","/xmlrpc.php","Mozilla/5.0 (compatible; MSIE 9.0; Windows NT 6.1; Win64; x64; Trident/7.0)","xmlrpc"
"172.71.81.167","2025-11-16T13:01:38Z","/xmlrpc.php","Mozilla/5.0 (Macintosh; Intel Mac OS X 10_13_1) AppleWebKit/537.36 (KHTML, like Gecko) Chrome/66.0.3359.139 Safari/537.36","xmlrpc"
"172.69.176.9","2025-11-16T13:02:07Z","/xmlrpc.php","Mozilla/5.0 (Macintosh; Intel Mac OS X 10_13_1) AppleWebKit/537.36 (KHTML, like Gecko) Chrome/66.0.3359.139 Safari/537.36","xmlrpc"
"104.23.175.130","2025-11-16T13:02:12Z","//xmlrpc.php?rsd","Mozilla/5.0 (Windows NT 10.0; Win64; x64) AppleWebKit/537.36 (KHTML, like Gecko) Chrome/78.0.3904.108 Safari/537.36","xmlrpc"
"172.69.165.23","2025-11-16T13:02:34Z","/xmlrpc.php","Mozilla/5.0 (Macintosh; Intel Mac OS X 10_13_1) AppleWebKit/537.36 (KHTML, like Gecko) Chrome/66.0.3359.139 Safari/537.36","xmlrpc"
"172.71.124.40","2025-11-16T13:02:45Z","/xmlrpc.php","Mozilla/5.0 (Windows NT 6.3; WOW64; Trident/7.0; Touch; MASAJS; rv:11.0) like Gecko","xmlrpc"
"172.70.93.115","2025-11-16T13:02:59Z","/xmlrpc.php","Mozilla/5.0 (Macintosh; Intel Mac OS X 10_13_1) AppleWebKit/537.36 (KHTML, like Gecko) Chrome/66.0.3359.139 Safari/537.36","xmlrpc"
"172.70.208.134","2025-11-16T13:03:25Z","/xmlrpc.php","Mozilla/5.0 (Macintosh; Intel Mac OS X 10_13_1) AppleWebKit/537.36 (KHTML, like Gecko) Chrome/66.0.3359.139 Safari/537.36","xmlrpc"
"162.158.170.227","2025-11-16T13:03:52Z","/xmlrpc.php","Mozilla/5.0 (Macintosh; Intel Mac OS X 10_13_1) AppleWebKit/537.36 (KHTML, like Gecko) Chrome/66.0.3359.139 Safari/537.36","xmlrpc"
"172.71.124.41","2025-11-16T13:04:10Z","/xmlrpc.php","Mozilla/5.0 (Windows NT 6.3; WOW64; Trident/7.0; MATBJS; rv:11.0) like Gecko","xmlrpc"
"172.69.165.22","2025-11-16T13:04:12Z","/xmlrpc.php","Mozilla/5.0 (Windows NT 6.3; WOW64; Trident/7.0; MATBJS; rv:11.0) like Gecko","xmlrpc"
"162.158.189.90","2025-11-16T13:04:14Z","/xmlrpc.php","Mozilla/5.0 (Windows NT 6.3; WOW64; Trident/7.0; MATBJS; rv:11.0) like Gecko","xmlrpc"
"162.158.106.77","2025-11-16T13:04:15Z","/xmlrpc.php","Mozilla/5.0 (Windows NT 6.3; WOW64; Trident/7.0; MATBJS; rv:11.0) like Gecko","xmlrpc"
"162.158.170.227","2025-11-16T13:04:18Z","/xmlrpc.php","Mozilla/5.0 (Windows NT 6.3; WOW64; Trident/7.0; MATBJS; rv:11.0) like Gecko","xmlrpc"
"162.158.189.90","2025-11-16T13:04:20Z","/xmlrpc.php","Mozilla/5.0 (Windows NT 6.3; WOW64; Trident/7.0; MATBJS; rv:11.0) like Gecko","xmlrpc"
"162.158.108.94","2025-11-16T13:04:22Z","/xmlrpc.php","Mozilla/5.0 (Windows NT 6.3; WOW64; Trident/7.0; MATBJS; rv:11.0) like Gecko","xmlrpc"
"172.70.93.114","2025-11-16T13:04:26Z","/xmlrpc.php","Mozilla/5.0 (Windows NT 6.3; WOW64; Trident/7.0; MATBJS; rv:11.0) like Gecko","xmlrpc"
"172.70.208.134","2025-11-16T13:07:02Z","/xmlrpc.php","Mozilla/5.0 (Macintosh; Intel Mac OS X 10_11_6) AppleWebKit/537.36 (KHTML, like Gecko) Chrome/67.0.3396.62 Safari/537.36","xmlrpc"
"162.158.108.94","2025-11-16T13:08:17Z","/xmlrpc.php","Mozilla/5.0 (Windows NT 6.3; WOW64; Trident/7.0; Touch; MAGWJS; rv:11.0) like Gecko","xmlrpc"
"172.68.164.79","2025-11-16T13:08:24Z","/xmlrpc.php","Mozilla/5.0 (Windows NT 6.1; Trident/7.0; BOIE9;ENUS; rv:11.0) like Gecko","xmlrpc"
"172.68.164.117","2025-11-16T13:14:22Z","/xmlrpc.php","Mozilla/5.0 (Macintosh; Intel Mac OS X 10_11_6) AppleWebKit/537.36 (KHTML, like Gecko) Chrome/66.0.3359.139 Safari/537.36","xmlrpc"
"172.69.166.126","2025-11-16T13:14:33Z","/xmlrpc.php","Mozilla/5.0 (Windows NT 6.1; WOW64; Trident/7.0; MALCJS; rv:11.0) like Gecko","xmlrpc"
"172.69.176.9","2025-11-16T13:14:41Z","/xmlrpc.php","Mozilla/5.0 (Windows NT 6.1; WOW64; Trident/7.0; MALCJS; rv:11.0) like Gecko","xmlrpc"
"172.69.165.22","2025-11-16T16:01:21Z","/xmlrpc.php?rsd","Mozilla/5.0 (Windows NT 10.0; Win64; x64) AppleWebKit/537.36 (KHTML, like Gecko) Chrome/88.0.4240.193 Safari/537.36","xmlrpc"
"162.158.170.227","2025-11-16T16:01:22Z","/xmlrpc.php","Mozilla/5.0 (Windows NT 10.0; Win64; x64) AppleWebKit/537.36 (KHTML, like Gecko) Chrome/88.0.4240.193 Safari/537.36","xmlrpc"
"108.162.226.30","2025-11-16T16:01:22Z","/xmlrpc.php","Mozilla/5.0 (Windows NT 10.0; Win64; x64) AppleWebKit/537.36 (KHTML, like Gecko) Chrome/88.0.4240.193 Safari/537.36","xmlrpc"
"104.23.175.135","2025-11-16T16:01:22Z","/xmlrpc.php","Mozilla/5.0 (Windows NT 10.0; Win64; x64) AppleWebKit/537.36 (KHTML, like Gecko) Chrome/88.0.4240.193 Safari/537.36","xmlrpc"
"108.162.226.30","2025-11-16T16:01:22Z","/xmlrpc.php","Mozilla/5.0 (Windows NT 10.0; Win64; x64) AppleWebKit/537.36 (KHTML, like Gecko) Chrome/88.0.4240.193 Safari/537.36","xmlrpc"
"172.70.188.70","2025-11-16T16:08:19Z","/xmlrpc.php","Mozilla/5.0 (Windows NT 6.3; x64) AppleWebKit/537.36 (KHTML, like Gecko) Safari/13.0.0.0 Safari/537.36","xmlrpc"
"162.158.108.51","2025-11-16T16:11:52Z","/xmlrpc.php","Mozilla/5.0 (Windows NT 6.2; x86) AppleWebKit/537.36 (KHTML, like Gecko) Opera/60.0.0.0 Safari/537.36","xmlrpc"
"172.71.81.168","2025-11-16T16:20:09Z","/xmlrpc.php?rsd","Mozilla/5.0 (Windows NT 10.0; Win64; x64) AppleWebKit/537.36 (KHTML, like Gecko) Chrome/88.0.4240.193 Safari/537.36","xmlrpc"
"162.158.106.76","2025-11-16T16:20:10Z","/xmlrpc.php","Mozilla/5.0 (Windows NT 10.0; Win64; x64) AppleWebKit/537.36 (KHTML, like Gecko) Chrome/88.0.4240.193 Safari/537.36","xmlrpc"
"104.23.175.135","2025-11-16T16:20:11Z","/xmlrpc.php","Mozilla/5.0 (Windows NT 10.0; Win64; x64) AppleWebKit/537.36 (KHTML, like Gecko) Chrome/88.0.4240.193 Safari/537.36","xmlrpc"
"172.68.164.78","2025-11-16T16:20:11Z","/xmlrpc.php","Mozilla/5.0 (Windows NT 10.0; Win64; x64) AppleWebKit/537.36 (KHTML, like Gecko) Chrome/88.0.4240.193 Safari/537.36","xmlrpc"
"162.158.189.90","2025-11-16T16:20:11Z","/xmlrpc.php","Mozilla/5.0 (Windows NT 10.0; Win64; x64) AppleWebKit/537.36 (KHTML, like Gecko) Chrome/88.0.4240.193 Safari/537.36","xmlrpc"
"162.158.171.30","2025-11-16T16:22:29Z","/xmlrpc.php","Mozilla/5.0 (Windows NT 10.0; Win64; x64) AppleWebKit/537.36 (KHTML, like Gecko) Chrome/91.0.4472.124 Safari/537.36","xmlrpc"
"104.23.175.75","2025-11-16T16:22:45Z","/xmlrpc.php","Mozilla/5.0 (Windows NT 6.2; arm64) AppleWebKit/537.36 (KHTML, like Gecko) Chrome/115.0.0.0 Safari/537.36","xmlrpc"
"172.71.124.214","2025-11-16T16:28:59Z","//xmlrpc.php?rsd","Mozilla/5.0 (Windows NT 10.0; Win64; x64) AppleWebKit/537.36 (KHTML, like Gecko) Chrome/88.0.4240.193 Safari/537.36","xmlrpc"
"162.158.170.198","2025-11-16T16:30:42Z","//xmlrpc.php?rsd","Mozilla/5.0 (Windows NT 10.0; Win64; x64) AppleWebKit/537.36 (KHTML, like Gecko) Chrome/88.0.4240.193 Safari/537.36","xmlrpc"
"162.158.88.48","2025-11-16T16:36:00Z","//xmlrpc.php?rsd","Mozilla/5.0 (Windows NT 10.0; Win64; x64) AppleWebKit/537.36 (KHTML, like Gecko) Chrome/88.0.4240.193 Safari/537.36","xmlrpc"
"162.158.170.19","2025-11-16T17:31:25Z","/xmlrpc.php?rsd","Mozilla/5.0 (Windows NT 10.0; Win64; x64) AppleWebKit/537.36 (KHTML, like Gecko) Chrome/78.0.3904.108 Safari/537.36","xmlrpc"
"172.69.165.22","2025-11-15T18:00:07Z","/xmlrpc.php","Mozilla/5.0 (Windows NT 6.1; WOW64; Trident/7.0; EIE10;ENCAMSN; rv:11.0) like Gecko","xmlrpc"
"162.158.189.91","2025-11-15T18:00:08Z","/xmlrpc.php","Mozilla/5.0 (Windows NT 6.1; WOW64; Trident/7.0; MALCJS; rv:11.0) like Gecko","xmlrpc"
"172.71.124.41","2025-11-15T18:00:17Z","/xmlrpc.php","Mozilla/5.0 (Windows NT 6.1; WOW64; Trident/7.0; MALCJS; rv:11.0) like Gecko","xmlrpc"
"162.158.189.91","2025-11-15T18:00:31Z","/xmlrpc.php","Mozilla/5.0 (Windows NT 6.1; WOW64; Trident/7.0; MALCJS; rv:11.0) like Gecko","xmlrpc"
"162.158.88.170","2025-11-15T18:00:39Z","/xmlrpc.php","Mozilla/5.0 (Windows NT 6.1; WOW64; Trident/7.0; MALCJS; rv:11.0) like Gecko","xmlrpc"
"172.69.166.126","2025-11-15T18:01:24Z","/xmlrpc.php","Mozilla/5.0 (Windows NT 6.3; rv:60.0) Gecko/20100101 Firefox/60.0","xmlrpc"
"162.158.170.227","2025-11-15T18:07:38Z","/xmlrpc.php","Mozilla/5.0 (Windows NT 10.0; WOW64; Trident/7.0; MATMJS; rv:11.0) like Gecko","xmlrpc"
"162.158.189.91","2025-11-15T18:07:58Z","/xmlrpc.php","Mozilla/5.0 (Windows NT 10.0; WOW64; Trident/7.0; MATMJS; rv:11.0) like Gecko","xmlrpc"
"172.71.124.40","2025-11-15T18:08:08Z","/xmlrpc.php","Mozilla/5.0 (Windows NT 10.0; WOW64; Trident/7.0; MATMJS; rv:11.0) like Gecko","xmlrpc"
"172.70.208.135","2025-11-15T18:08:14Z","/xmlrpc.php","Mozilla/5.0 (Windows NT 10.0; WOW64; Trident/7.0; MATMJS; rv:11.0) like Gecko","xmlrpc"
"172.69.165.22","2025-11-15T18:08:20Z","/xmlrpc.php","Mozilla/5.0 (Windows NT 10.0; WOW64; Trident/7.0; MATMJS; rv:11.0) like Gecko","xmlrpc"
"162.158.106.76","2025-11-15T18:08:23Z","/xmlrpc.php","Mozilla/5.0 (Windows NT 10.0; WOW64; Trident/7.0; MATMJS; rv:11.0) like Gecko","xmlrpc"
"172.69.166.126","2025-11-15T18:08:27Z","/xmlrpc.php","Mozilla/5.0 (Windows NT 10.0; WOW64; Trident/7.0; MATMJS; rv:11.0) like Gecko","xmlrpc"
"108.162.226.31","2025-11-15T18:08:31Z","/xmlrpc.php","Mozilla/5.0 (Windows NT 10.0; WOW64; Trident/7.0; MATMJS; rv:11.0) like Gecko","xmlrpc"
"172.68.164.78","2025-11-15T18:08:51Z","/xmlrpc.php","Mozilla/5.0 (Windows NT 6.1; WOW64; Trident/7.0; MATP; rv:11.0) like Gecko","xmlrpc"
"162.158.189.91","2025-11-15T18:09:17Z","/xmlrpc.php","Mozilla/5.0 (Windows NT 6.1; WOW64; Trident/7.0; AS; rv:11.0) like Gecko","xmlrpc"
"172.71.81.168","2025-11-15T18:13:44Z","/xmlrpc.php","Mozilla/5.0 (Macintosh; Intel Mac OS X 10_13_3) AppleWebKit/537.36 (KHTML, like Gecko) Chrome/67.0.3396.87 Safari/537.36","xmlrpc"
"104.23.175.75","2025-11-15T18:14:15Z","/xmlrpc.php?rsd","Mozilla/5.0 (Windows NT 10.0; Win64; x64) AppleWebKit/537.36 (KHTML, like Gecko) Chrome/78.0.3904.108 Safari/537.36","xmlrpc"
"172.70.189.163","2025-11-15T18:17:10Z","/xmlrpc.php","Mozilla/5.0 (Windows NT 6.3; Win64; x64; Trident/7.0; MDDCJS; rv:11.0) like Gecko","xmlrpc"
"172.71.124.41","2025-11-15T18:20:05Z","/xmlrpc.php","Mozilla/4.0 (compatible; MSIE 7.0; Windows NT 6.2; WOW64; Trident/7.0; .NET4.0E; .NET4.0C; .NET CLR 3.5.30729; .NET CLR 2.0.50727; .NET CLR 3.0.30729)","xmlrpc"
"104.23.175.135","2025-11-15T18:20:07Z","/xmlrpc.php","Mozilla/4.0 (compatible; MSIE 7.0; Windows NT 6.2; WOW64; Trident/7.0; .NET4.0E; .NET4.0C; .NET CLR 3.5.30729; .NET CLR 2.0.50727; .NET CLR 3.0.30729)","xmlrpc"
"172.71.124.41","2025-11-15T18:20:09Z","/xmlrpc.php","Mozilla/4.0 (compatible; MSIE 7.0; Windows NT 6.2; WOW64; Trident/7.0; .NET4.0E; .NET4.0C; .NET CLR 3.5.30729; .NET CLR 2.0.50727; .NET CLR 3.0.30729)","xmlrpc"
"172.70.93.115","2025-11-15T18:20:12Z","/xmlrpc.php","Mozilla/4.0 (compatible; MSIE 7.0; Windows NT 6.2; WOW64; Trident/7.0; .NET4.0E; .NET4.0C; .NET CLR 3.5.30729; .NET CLR 2.0.50727; .NET CLR 3.0.30729)","xmlrpc"
"172.70.93.115","2025-11-15T18:20:14Z","/xmlrpc.php","Mozilla/4.0 (compatible; MSIE 7.0; Windows NT 6.2; WOW64; Trident/7.0; .NET4.0E; .NET4.0C; .NET CLR 3.5.30729; .NET CLR 2.0.50727; .NET CLR 3.0.30729)","xmlrpc"
"172.69.166.126","2025-11-15T18:20:16Z","/xmlrpc.php","Mozilla/4.0 (compatible; MSIE 7.0; Windows NT 6.2; WOW64; Trident/7.0; .NET4.0E; .NET4.0C; .NET CLR 3.5.30729; .NET CLR 2.0.50727; .NET CLR 3.0.30729)","xmlrpc"
"162.158.170.227","2025-11-15T18:20:18Z","/xmlrpc.php","Mozilla/4.0 (compatible; MSIE 7.0; Windows NT 6.2; WOW64; Trident/7.0; .NET4.0E; .NET4.0C; .NET CLR 3.5.30729; .NET CLR 2.0.50727; .NET CLR 3.0.30729)","xmlrpc"
"162.158.170.227","2025-11-15T18:20:20Z","/xmlrpc.php","Mozilla/5.0 (Windows NT 6.3; Win64; x64; Trident/7.0; MDDCJS; rv:11.0) like Gecko","xmlrpc"
"172.69.166.126","2025-11-15T18:20:21Z","/xmlrpc.php","Mozilla/4.0 (compatible; MSIE 7.0; Windows NT 6.2; WOW64; Trident/7.0; .NET4.0E; .NET4.0C; .NET CLR 3.5.30729; .NET CLR 2.0.50727; .NET CLR 3.0.30729)","xmlrpc"
"162.158.170.227","2025-11-15T18:20:22Z","/xmlrpc.php","Mozilla/5.0 (Windows NT 6.3; Win64; x64; Trident/7.0; MDDCJS; rv:11.0) like Gecko","xmlrpc"
"172.70.93.115","2025-11-15T18:20:25Z","/xmlrpc.php","Mozilla/5.0 (Windows NT 10.0; WOW64; Trident/7.0; MDDCJS; rv:11.0) like Gecko","xmlrpc"
"162.158.189.91","2025-11-15T18:20:29Z","/xmlrpc.php","Mozilla/5.0 (Windows NT 6.3; Win64; x64; Trident/7.0; MDDCJS; rv:11.0) like Gecko","xmlrpc"
"172.69.176.8","2025-11-15T18:20:33Z","/xmlrpc.php","Mozilla/5.0 (Windows NT 6.3; Win64; x64; Trident/7.0; MDDCJS; rv:11.0) like Gecko","xmlrpc"
"162.158.106.76","2025-11-15T18:20:37Z","/xmlrpc.php","Mozilla/5.0 (Windows NT 6.3; Win64; x64; Trident/7.0; MDDCJS; rv:11.0) like Gecko","xmlrpc"
"172.69.165.23","2025-11-15T18:20:43Z","/xmlrpc.php","Mozilla/5.0 (Windows NT 6.3; Win64; x64; Trident/7.0; MDDCJS; rv:11.0) like Gecko","xmlrpc"
"162.158.189.91","2025-11-15T18:20:47Z","/xmlrpc.php","Mozilla/5.0 (Windows NT 6.3; Win64; x64; Trident/7.0; MDDCJS; rv:11.0) like Gecko","xmlrpc"
"162.158.88.170","2025-11-15T18:20:50Z","/xmlrpc.php","Mozilla/5.0 (Windows NT 6.3; Win64; x64; Trident/7.0; MDDCJS; rv:11.0) like Gecko","xmlrpc"
"104.23.175.135","2025-11-15T18:21:16Z","/xmlrpc.php","Mozilla/5.0 (Windows NT 10.0; Win64; x64; rv:61.0) Gecko/20100101 Firefox/61.0","xmlrpc"
"108.162.226.30","2025-11-15T18:21:25Z","/xmlrpc.php","Mozilla/4.0 (compatible; MSIE 7.0; Windows NT 6.2; Win64; x64; Trident/7.0; .NET4.0C; .NET4.0E; .NET CLR 2.0.50727; .NET CLR 3.0.30729; .NET CLR 3.5.30729)","xmlrpc"
"172.69.176.8","2025-11-15T18:21:25Z","/xmlrpc.php","Mozilla/5.0 (Windows NT 10.0; Win64; x64; rv:61.0) Gecko/20100101 Firefox/61.0","xmlrpc"
"108.162.226.30","2025-11-15T18:21:29Z","/xmlrpc.php","Mozilla/5.0 (Windows NT 6.3; WOW64; Trident/7.0; Touch; MDDCJS; rv:11.0) like Gecko","xmlrpc"
"104.23.175.135","2025-11-15T18:21:31Z","/xmlrpc.php","Mozilla/5.0 (Windows NT 6.3; WOW64; Trident/7.0; Touch; MDDCJS; rv:11.0) like Gecko","xmlrpc"
"172.68.164.78","2025-11-15T18:21:33Z","/xmlrpc.php","Mozilla/5.0 (Windows NT 6.3; WOW64; Trident/7.0; Touch; MDDCJS; rv:11.0) like Gecko","xmlrpc"
"162.158.170.227","2025-11-15T18:21:36Z","/xmlrpc.php","Mozilla/5.0 (Windows NT 6.3; WOW64; Trident/7.0; Touch; MDDCJS; rv:11.0) like Gecko","xmlrpc"
"104.23.175.135","2025-11-15T18:21:36Z","/xmlrpc.php","Mozilla/5.0 (Windows NT 10.0; Win64; x64; rv:61.0) Gecko/20100101 Firefox/61.0","xmlrpc"
"108.162.226.30","2025-11-15T18:21:38Z","/xmlrpc.php","Mozilla/5.0 (Windows NT 6.3; WOW64; Trident/7.0; Touch; MDDCJS; rv:11.0) like Gecko","xmlrpc"
"108.162.226.30","2025-11-15T18:21:41Z","/xmlrpc.php","Mozilla/5.0 (Windows NT 6.3; WOW64; Trident/7.0; Touch; MDDCJS; rv:11.0) like Gecko","xmlrpc"
"162.158.108.94","2025-11-15T18:21:43Z","/xmlrpc.php","Mozilla/5.0 (Windows NT 6.3; WOW64; Trident/7.0; Touch; MDDCJS; rv:11.0) like Gecko","xmlrpc"
"172.70.189.163","2025-11-15T18:21:45Z","/xmlrpc.php","Mozilla/5.0 (Windows NT 6.3; WOW64; Trident/7.0; Touch; MDDCJS; rv:11.0) like Gecko","xmlrpc"
"172.69.166.126","2025-11-15T18:21:46Z","/xmlrpc.php","Mozilla/5.0 (Windows NT 10.0; Win64; x64; rv:61.0) Gecko/20100101 Firefox/61.0","xmlrpc"
"104.23.175.135","2025-11-15T18:35:40Z","/xmlrpc.php","Mozilla/5.0 (Windows NT 6.3) AppleWebKit/537.36 (KHTML, like Gecko) Chrome/66.0.3359.139 Safari/537.36","xmlrpc"
"104.23.175.135","2025-11-15T18:35:57Z","/xmlrpc.php","Mozilla/5.0 (Windows NT 6.3) AppleWebKit/537.36 (KHTML, like Gecko) Chrome/66.0.3359.139 Safari/537.36","xmlrpc"
"172.71.81.168","2025-11-15T18:40:22Z","/xmlrpc.php","Mozilla/5.0 (X11; Ubuntu; Linux x86_64; rv:61.0) Gecko/20100101 Firefox/61.0","xmlrpc"
"162.158.106.76","2025-11-15T18:40:39Z","/xmlrpc.php","Mozilla/5.0 (X11; Ubuntu; Linux x86_64; rv:61.0) Gecko/20100101 Firefox/61.0","xmlrpc"
"172.70.93.114","2025-11-15T18:40:56Z","/xmlrpc.php","Mozilla/5.0 (X11; Ubuntu; Linux x86_64; rv:61.0) Gecko/20100101 Firefox/61.0","xmlrpc"
"162.158.170.226","2025-11-15T18:41:13Z","/xmlrpc.php","Mozilla/5.0 (X11; Ubuntu; Linux x86_64; rv:61.0) Gecko/20100101 Firefox/61.0","xmlrpc"
"172.71.81.168","2025-11-15T18:41:32Z","/xmlrpc.php","Mozilla/5.0 (X11; Ubuntu; Linux x86_64; rv:61.0) Gecko/20100101 Firefox/61.0","xmlrpc"
"172.70.208.134","2025-11-15T18:43:36Z","/xmlrpc.php","Mozilla/5.0 (Windows NT 6.1) AppleWebKit/537.36 (KHTML, like Gecko) Chrome/66.0.3359.117 Safari/537.36","xmlrpc"
"172.68.164.79","2025-11-15T18:43:48Z","/xmlrpc.php","Mozilla/5.0 (Windows NT 6.1) AppleWebKit/537.36 (KHTML, like Gecko) Chrome/66.0.3359.117 Safari/537.36","xmlrpc"
"172.69.165.23","2025-11-15T18:44:03Z","/xmlrpc.php","Mozilla/5.0 (Windows NT 6.1) AppleWebKit/537.36 (KHTML, like Gecko) Chrome/66.0.3359.117 Safari/537.36","xmlrpc"
"162.158.106.90","2025-11-15T18:47:51Z","/xmlrpc.php","Mozilla/5.0 (Macintosh; Intel Mac OS X 10_15_7; arm64) AppleWebKit/537.36 (KHTML, like Gecko) Edge/98.0.0.0 Safari/537.36","xmlrpc"
"172.69.166.126","2025-11-15T18:49:28Z","/xmlrpc.php","Mozilla/5.0 (X11; Ubuntu; Linux x86_64; rv:85.0) Gecko/20100101 Firefox/91.0","xmlrpc"
"172.68.164.79","2025-11-15T18:52:23Z","/xmlrpc.php","Mozilla/5.0 (X11; CrOS x86_64 10575.55.0) AppleWebKit/537.36 (KHTML, like Gecko) Chrome/67.0.3396.87 Safari/537.36","xmlrpc"
"172.71.124.40","2025-11-15T18:52:25Z","/xmlrpc.php","Mozilla/4.0 (compatible; MSIE 7.0; Windows NT 6.1; WOW64; Trident/7.0; SLCC2; .NET CLR 2.0.50727; .NET CLR 3.5.30729; .NET CLR 3.0.30729; Media Center PC 6.0; .NET4.0C; .NET4.0E; InfoPath.3; McAfee; RaidCall)","xmlrpc"
"108.162.226.31","2025-11-15T18:52:28Z","/xmlrpc.php","Mozilla/4.0 (compatible; MSIE 7.0; Windows NT 6.1; WOW64; Trident/7.0; SLCC2; .NET CLR 2.0.50727; .NET CLR 3.5.30729; .NET CLR 3.0.30729; Media Center PC 6.0; .NET4.0C; .NET4.0E; InfoPath.3; McAfee; RaidCall)","xmlrpc"
"172.69.165.23","2025-11-15T18:52:31Z","/xmlrpc.php","Mozilla/4.0 (compatible; MSIE 7.0; Windows NT 6.1; WOW64; Trident/7.0; SLCC2; .NET CLR 2.0.50727; .NET CLR 3.5.30729; .NET CLR 3.0.30729; Media Center PC 6.0; .NET4.0C; .NET4.0E; InfoPath.3; McAfee; RaidCall)","xmlrpc"
"172.70.142.50","2025-11-15T18:52:36Z","/xmlrpc.php","Mozilla/4.0 (compatible; MSIE 7.0; Windows NT 6.1; WOW64; Trident/7.0; SLCC2; .NET CLR 2.0.50727; .NET CLR 3.5.30729; .NET CLR 3.0.30729; Media Center PC 6.0; .NET4.0C; .NET4.0E; InfoPath.3; McAfee; RaidCall)","xmlrpc"
"172.70.208.134","2025-11-15T18:52:43Z","/xmlrpc.php","Mozilla/4.0 (compatible; MSIE 7.0; Windows NT 6.1; WOW64; Trident/7.0; SLCC2; .NET CLR 2.0.50727; .NET CLR 3.5.30729; .NET CLR 3.0.30729; Media Center PC 6.0; .NET4.0C; .NET4.0E; InfoPath.3; McAfee; RaidCall)","xmlrpc"
"172.71.124.40","2025-11-15T18:52:47Z","/xmlrpc.php","Mozilla/4.0 (compatible; MSIE 7.0; Windows NT 6.1; WOW64; Trident/7.0; SLCC2; .NET CLR 2.0.50727; .NET CLR 3.5.30729; .NET CLR 3.0.30729; Media Center PC 6.0; .NET4.0C; .NET4.0E; InfoPath.3; McAfee; RaidCall)","xmlrpc"
"172.69.176.9","2025-11-15T18:52:52Z","/xmlrpc.php","Mozilla/4.0 (compatible; MSIE 7.0; Windows NT 6.1; WOW64; Trident/7.0; SLCC2; .NET CLR 2.0.50727; .NET CLR 3.5.30729; .NET CLR 3.0.30729; Media Center PC 6.0; .NET4.0C; .NET4.0E; InfoPath.3; McAfee; RaidCall)","xmlrpc"
"162.158.170.226","2025-11-15T18:52:57Z","/xmlrpc.php","Mozilla/4.0 (compatible; MSIE 7.0; Windows NT 6.1; WOW64; Trident/7.0; SLCC2; .NET CLR 2.0.50727; .NET CLR 3.5.30729; .NET CLR 3.0.30729; Media Center PC 6.0; .NET4.0C; .NET4.0E; InfoPath.3; McAfee; RaidCall)","xmlrpc"
"172.71.124.40","2025-11-15T18:53:59Z","/xmlrpc.php","Mozilla/4.0 (compatible; MSIE 8.0; Windows NT 6.2; WOW64; Trident/7.0; .NET4.0C; .NET4.0E; .NET CLR 2.0.50727; .NET CLR 3.0.30729; .NET CLR 3.5.30729)","xmlrpc"
"172.70.93.114","2025-11-15T18:54:44Z","/xmlrpc.php","Mozilla/5.0 (Windows NT 6.1; WOW64; Trident/7.0; EIE10;ENUSMCM; rv:11.0) like Gecko","xmlrpc"
"162.158.170.226","2025-11-15T18:54:47Z","/xmlrpc.php","Mozilla/5.0 (Windows NT 6.1; WOW64; Trident/7.0; EIE10;ENUSMCM; rv:11.0) like Gecko","xmlrpc"
"172.70.189.164","2025-11-15T18:54:49Z","/xmlrpc.php","Mozilla/5.0 (Windows NT 6.1; WOW64; Trident/7.0; EIE10;ENUSMCM; rv:11.0) like Gecko","xmlrpc"
"162.158.108.95","2025-11-15T18:54:51Z","/xmlrpc.php","Mozilla/5.0 (Windows NT 6.1; WOW64; Trident/7.0; EIE10;ENUSMCM; rv:11.0) like Gecko","xmlrpc"
"162.158.189.91","2025-11-15T18:54:54Z","/xmlrpc.php","Mozilla/5.0 (Windows NT 6.1; WOW64; Trident/7.0; EIE10;ENUSMCM; rv:11.0) like Gecko","xmlrpc"
"162.158.189.91","2025-11-15T18:54:56Z","/xmlrpc.php","Mozilla/5.0 (Windows NT 6.1; WOW64; Trident/7.0; EIE10;ENUSMCM; rv:11.0) like Gecko","xmlrpc"
"162.158.189.91","2025-11-15T18:55:00Z","/xmlrpc.php","Mozilla/5.0 (Windows NT 6.1; WOW64; Trident/7.0; EIE10;ENUSMCM; rv:11.0) like Gecko","xmlrpc"
"172.68.164.79","2025-11-15T18:55:03Z","/xmlrpc.php","Mozilla/5.0 (Windows NT 6.1; WOW64; Trident/7.0; EIE10;ENUSMCM; rv:11.0) like Gecko","xmlrpc"
"172.71.124.18","2025-11-15T18:56:06Z","//xmlrpc.php?rsd","Mozilla/5.0 (Windows NT 10.0; Win64; x64) AppleWebKit/537.36 (KHTML, like Gecko) Chrome/78.0.3904.108 Safari/537.36","xmlrpc"
"172.69.176.9","2025-11-15T18:56:15Z","/xmlrpc.php?rsd","Mozilla/5.0 (Windows NT 10.0; Win64; x64) AppleWebKit/537.36 (KHTML, like Gecko) Chrome/78.0.3904.108 Safari/537.36","xmlrpc"
"172.69.176.9","2025-11-15T18:56:20Z","/xmlrpc.php","Mozilla/5.0 (Windows NT 10.0; Win64; x64) AppleWebKit/537.36 (KHTML, like Gecko) Chrome/78.0.3904.108 Safari/537.36","xmlrpc"
"172.69.176.9","2025-11-15T18:56:20Z","/xmlrpc.php","Mozilla/5.0 (Windows NT 10.0; Win64; x64) AppleWebKit/537.36 (KHTML, like Gecko) Chrome/78.0.3904.108 Safari/537.36","xmlrpc"
"172.69.176.9","2025-11-15T18:56:20Z","/xmlrpc.php","Mozilla/5.0 (Windows NT 10.0; Win64; x64) AppleWebKit/537.36 (KHTML, like Gecko) Chrome/78.0.3904.108 Safari/537.36","xmlrpc"
"172.69.176.9","2025-11-15T18:56:20Z","/xmlrpc.php","Mozilla/5.0 (Windows NT 10.0; Win64; x64) AppleWebKit/537.36 (KHTML, like Gecko) Chrome/78.0.3904.108 Safari/537.36","xmlrpc"
"172.69.176.9","2025-11-15T18:56:20Z","/xmlrpc.php","Mozilla/5.0 (Windows NT 10.0; Win64; x64) AppleWebKit/537.36 (KHTML, like Gecko) Chrome/78.0.3904.108 Safari/537.36","xmlrpc"
"172.69.176.9","2025-11-15T18:56:20Z","/xmlrpc.php","Mozilla/5.0 (Windows NT 10.0; Win64; x64) AppleWebKit/537.36 (KHTML, like Gecko) Chrome/78.0.3904.108 Safari/537.36","xmlrpc"
"172.71.124.40","2025-11-15T18:57:04Z","/xmlrpc.php","Mozilla/4.0 (compatible; MSIE 7.0; Windows NT 6.2; WOW64; Trident/7.0; .NET4.0C; .NET4.0E; Tablet PC 2.0)","xmlrpc"
"162.158.106.77","2025-11-15T19:00:27Z","/xmlrpc.php","Mozilla/5.0 (Macintosh; Intel Mac OS X 10_13_1) AppleWebKit/604.3.1 (KHTML, like Gecko) Version/11.0.1 Safari/604.3.1","xmlrpc"
"172.70.142.50","2025-11-15T19:00:40Z","/xmlrpc.php","Mozilla/5.0 (Macintosh; Intel Mac OS X 10_13_1) AppleWebKit/604.3.1 (KHTML, like Gecko) Version/11.0.1 Safari/604.3.1","xmlrpc"
"172.71.124.41","2025-11-15T19:01:31Z","/xmlrpc.php","Mozilla/5.0 (Macintosh; Intel Mac OS X 10_13_1) AppleWebKit/604.3.1 (KHTML, like Gecko) Version/11.0.1 Safari/604.3.1","xmlrpc"
"104.23.175.135","2025-11-15T19:01:45Z","/xmlrpc.php","Mozilla/5.0 (X11; Ubuntu; Linux x86_64; rv:85.0) Gecko/20100101 Firefox/91.0","xmlrpc"
"108.162.226.31","2025-11-15T19:02:01Z","/xmlrpc.php","Mozilla/5.0 (Macintosh; Intel Mac OS X 10_13_1) AppleWebKit/604.3.1 (KHTML, like Gecko) Version/11.0.1 Safari/604.3.1","xmlrpc"
"162.158.88.171","2025-11-15T19:02:20Z","/xmlrpc.php","Mozilla/5.0 (Macintosh; Intel Mac OS X 10_13_1) AppleWebKit/604.3.1 (KHTML, like Gecko) Version/11.0.1 Safari/604.3.1","xmlrpc"
"172.70.93.114","2025-11-15T19:02:39Z","/xmlrpc.php","Mozilla/5.0 (Macintosh; Intel Mac OS X 10_13_1) AppleWebKit/604.3.1 (KHTML, like Gecko) Version/11.0.1 Safari/604.3.1","xmlrpc"
"108.162.226.31","2025-11-15T19:03:58Z","/xmlrpc.php","Mozilla/5.0 (Windows NT 5.1; Win64; x64) AppleWebKit/537.36 (KHTML, like Gecko) Chrome/65.0.3325.181 Safari/537.36 OPR/52.0.2871.99","xmlrpc"
"108.162.226.31","2025-11-15T19:05:13Z","/xmlrpc.php","Mozilla/5.0 (Windows NT 6.1; WOW64; Trident/7.0; ASJB; ASJB; MAAU; rv:11.0) like Gecko","xmlrpc"
"172.70.142.50","2025-11-15T19:05:38Z","/xmlrpc.php","Mozilla/5.0 (Windows NT 6.1; WOW64; Trident/7.0; ASJB; ASJB; MAAU; rv:11.0) like Gecko","xmlrpc"
"172.71.124.41","2025-11-15T19:06:01Z","/xmlrpc.php","Mozilla/5.0 (Windows NT 6.1; WOW64; Trident/7.0; ASJB; ASJB; MAAU; rv:11.0) like Gecko","xmlrpc"
"162.158.189.153","2025-11-15T19:06:54Z","/xmlrpc.php?rsd","Mozilla/5.0 (Windows NT 10.0; Win64; x64) AppleWebKit/537.36 (KHTML, like Gecko) Chrome/134.0.0.0 Safari/537.36","xmlrpc"
"172.69.176.111","2025-11-15T19:08:43Z","/xmlrpc.php?rsd","Mozilla/5.0 (Windows NT 10.0; Win64; x64) AppleWebKit/537.36 (KHTML, like Gecko) Chrome/88.0.4240.193 Safari/537.36","xmlrpc"
"172.68.164.79","2025-11-15T19:09:51Z","/xmlrpc.php","Mozilla/5.0 (Windows NT 6.1; Win64; x64) AppleWebKit/537.36 (KHTML, like Gecko) Chrome/65.0.3325.181 Safari/537.36 OPR/52.0.2871.64","xmlrpc"
"162.158.189.91","2025-11-15T19:10:07Z","/xmlrpc.php","Mozilla/5.0 (Windows NT 6.1; Win64; x64) AppleWebKit/537.36 (KHTML, like Gecko) Chrome/65.0.3325.181 Safari/537.36 OPR/52.0.2871.64","xmlrpc"
"108.162.226.31","2025-11-15T19:10:17Z","/xmlrpc.php","Mozilla/5.0 (Windows NT 6.1; Win64; x64) AppleWebKit/537.36 (KHTML, like Gecko) Chrome/65.0.3325.181 Safari/537.36 OPR/52.0.2871.64","xmlrpc"
"172.70.93.114","2025-11-15T19:11:52Z","/xmlrpc.php","Mozilla/5.0 (Windows NT 6.1; WOW64; Trident/7.0; rv:11.0; MSN 9.0;MSN 9.1;MSN 9.6;MSN 10.0;MSN 10.2;MSN 10.5; MSNbMSNI; MSNmen-us; MSNcIA)","xmlrpc"
"172.71.124.40","2025-11-15T19:12:12Z","/xmlrpc.php","Mozilla/5.0 (Windows NT 6.1; WOW64; Trident/7.0; MSBrowserIE; rv:11.0) like Gecko","xmlrpc"
"162.158.106.76","2025-11-15T19:12:36Z","/xmlrpc.php","Mozilla/5.0 (Windows NT 6.1; WOW64; Trident/7.0; MSBrowserIE; rv:11.0) like Gecko","xmlrpc"
"172.70.208.135","2025-11-15T19:12:59Z","/xmlrpc.php","Mozilla/5.0 (Windows NT 6.3; WOW64; Trident/7.0; Touch; MDDCJS; rv:11.0) like Gecko","xmlrpc"
"162.158.170.227","2025-11-15T19:14:57Z","/xmlrpc.php","Mozilla/5.0 (Windows NT 10.0; WOW64; Trident/7.0; TAJB; rv:11.0) like Gecko","xmlrpc"
"162.158.170.227","2025-11-15T19:15:09Z","/xmlrpc.php","Mozilla/5.0 (Windows NT 10.0; WOW64; Trident/7.0; TAJB; rv:11.0) like Gecko","xmlrpc"
"162.158.108.95","2025-11-15T19:15:12Z","/xmlrpc.php","Mozilla/4.0 (compatible; MSIE 7.0; Windows NT 6.1; WOW64; Trident/7.0; SLCC2; .NET CLR 2.0.50727; .NET4.0C; .NET4.0E)","xmlrpc"
"162.158.108.95","2025-11-15T19:15:27Z","/xmlrpc.php?rsd","Mozilla/5.0 (Windows NT 10.0; Win64; x64) AppleWebKit/537.36 (KHTML, like Gecko) Chrome/88.0.4240.193 Safari/537.36","xmlrpc"
"162.158.88.171","2025-11-15T19:15:28Z","/xmlrpc.php","Mozilla/5.0 (Macintosh; Intel Mac OS X 10_13_5) AppleWebKit/605.1.15 (KHTML, like Gecko) Version/11.1.1 Safari/605.1.15","xmlrpc"
"162.158.108.95","2025-11-15T19:15:29Z","/xmlrpc.php","Mozilla/5.0 (Windows NT 10.0; Win64; x64) AppleWebKit/537.36 (KHTML, like Gecko) Chrome/88.0.4240.193 Safari/537.36","xmlrpc"
"162.158.108.95","2025-11-15T19:15:29Z","/xmlrpc.php","Mozilla/5.0 (Windows NT 10.0; Win64; x64) AppleWebKit/537.36 (KHTML, like Gecko) Chrome/88.0.4240.193 Safari/537.36","xmlrpc"
"162.158.108.95","2025-11-15T19:15:29Z","/xmlrpc.php","Mozilla/5.0 (Windows NT 10.0; Win64; x64) AppleWebKit/537.36 (KHTML, like Gecko) Chrome/88.0.4240.193 Safari/537.36","xmlrpc"
"162.158.108.95","2025-11-15T19:15:29Z","/xmlrpc.php","Mozilla/5.0 (Windows NT 10.0; Win64; x64) AppleWebKit/537.36 (KHTML, like Gecko) Chrome/88.0.4240.193 Safari/537.36","xmlrpc"
"172.70.189.163","2025-11-15T19:15:46Z","/xmlrpc.php","Mozilla/5.0 (Macintosh; Intel Mac OS X 10_13_5) AppleWebKit/605.1.15 (KHTML, like Gecko) Version/11.1.1 Safari/605.1.15","xmlrpc"
"172.69.176.9","2025-11-15T19:16:18Z","/xmlrpc.php","Mozilla/5.0 (Windows NT 10.0; WOW64; Trident/7.0; MAGWJS; rv:11.0) like Gecko","xmlrpc"
"162.158.170.227","2025-11-15T19:16:39Z","/xmlrpc.php?rsd","Mozilla/5.0 (Windows NT 10.0; Win64; x64) AppleWebKit/537.36 (KHTML, like Gecko) Chrome/134.0.0.0 Safari/537.36","xmlrpc"
"172.71.124.41","2025-11-15T19:17:01Z","/xmlrpc.php","Mozilla/5.0 (X11; Ubuntu; Linux x86_64; rv:85.0) Gecko/20100101 Firefox/91.0","xmlrpc"
"172.70.189.163","2025-11-15T19:18:33Z","/xmlrpc.php?rsd","Mozilla/5.0 (Windows NT 10.0; Win64; x64) AppleWebKit/537.36 (KHTML, like Gecko) Chrome/88.0.4240.193 Safari/537.36","xmlrpc"
"172.70.189.163","2025-11-15T19:18:33Z","/xmlrpc.php","Mozilla/5.0 (Windows NT 10.0; Win64; x64) AppleWebKit/537.36 (KHTML, like Gecko) Chrome/88.0.4240.193 Safari/537.36","xmlrpc"
"172.70.189.163","2025-11-15T19:18:33Z","/xmlrpc.php","Mozilla/5.0 (Windows NT 10.0; Win64; x64) AppleWebKit/537.36 (KHTML, like Gecko) Chrome/88.0.4240.193 Safari/537.36","xmlrpc"
"172.70.189.163","2025-11-15T19:18:33Z","/xmlrpc.php","Mozilla/5.0 (Windows NT 10.0; Win64; x64) AppleWebKit/537.36 (KHTML, like Gecko) Chrome/88.0.4240.193 Safari/537.36","xmlrpc"
"172.70.189.163","2025-11-15T19:18:34Z","/xmlrpc.php","Mozilla/5.0 (Windows NT 10.0; Win64; x64) AppleWebKit/537.36 (KHTML, like Gecko) Chrome/88.0.4240.193 Safari/537.36","xmlrpc"
"172.70.189.163","2025-11-15T19:21:47Z","/xmlrpc.php","Mozilla/5.0+(Windows+NT+6.3;+WOW64;+Trident/7.0;+rv:11.0)+like+Gecko","xmlrpc"
"172.68.164.78","2025-11-15T19:30:33Z","/xmlrpc.php","Mozilla/5.0 (Windows NT 6.1; WOW64; Trident/7.0; EIE11;ENGBWOL; rv:11.0) like Gecko","xmlrpc"
"172.68.164.78","2025-11-15T19:30:59Z","/xmlrpc.php","Mozilla/5.0 (Windows NT 6.3; WOW64; rv:60.0) Gecko/20100101 Firefox/60.0","xmlrpc"
"162.158.189.91","2025-11-15T19:31:03Z","/xmlrpc.php","Mozilla/5.0 (Macintosh; Intel Mac OS X 10_11_6) AppleWebKit/602.1.50 (KHTML, like Gecko) Version/10.0 Safari/602.1.50","xmlrpc"
"172.71.124.40","2025-11-15T19:31:04Z","/xmlrpc.php","Mozilla/5.0 (Macintosh; Intel Mac OS X 10_11_6) AppleWebKit/602.1.50 (KHTML, like Gecko) Version/10.0 Safari/602.1.50","xmlrpc"
"172.71.81.168","2025-11-15T19:31:06Z","/xmlrpc.php","Mozilla/5.0 (Macintosh; Intel Mac OS X 10_11_6) AppleWebKit/602.1.50 (KHTML, like Gecko) Version/10.0 Safari/602.1.50","xmlrpc"
"172.68.164.78","2025-11-15T19:31:09Z","/xmlrpc.php","Mozilla/5.0 (Macintosh; Intel Mac OS X 10_11_6) AppleWebKit/602.1.50 (KHTML, like Gecko) Version/10.0 Safari/602.1.50","xmlrpc"
"172.70.208.134","2025-11-15T19:31:10Z","/xmlrpc.php","Mozilla/5.0 (Macintosh; Intel Mac OS X 10_11_6) AppleWebKit/602.1.50 (KHTML, like Gecko) Version/10.0 Safari/602.1.50","xmlrpc"
"172.70.142.50","2025-11-15T19:31:13Z","/xmlrpc.php","Mozilla/5.0 (Windows NT 10.0) AppleWebKit/537.36 (KHTML, like Gecko) Chrome/67.0.3396.87 Safari/537.36","xmlrpc"
"172.70.93.115","2025-11-15T19:31:15Z","/xmlrpc.php","Mozilla/5.0 (Windows NT 10.0) AppleWebKit/537.36 (KHTML, like Gecko) Chrome/67.0.3396.87 Safari/537.36","xmlrpc"
"162.158.170.227","2025-11-15T19:31:20Z","/xmlrpc.php","Mozilla/5.0 (Windows NT 10.0) AppleWebKit/537.36 (KHTML, like Gecko) Chrome/67.0.3396.87 Safari/537.36","xmlrpc"
"172.68.164.78","2025-11-15T19:31:21Z","/xmlrpc.php","Mozilla/5.0 (Macintosh; Intel Mac OS X 10_11_6) AppleWebKit/602.1.50 (KHTML, like Gecko) Version/10.0 Safari/602.1.50","xmlrpc"
"162.158.88.171","2025-11-15T19:31:22Z","/xmlrpc.php","Mozilla/5.0 (Windows NT 10.0) AppleWebKit/537.36 (KHTML, like Gecko) Chrome/67.0.3396.87 Safari/537.36","xmlrpc"
"162.158.106.76","2025-11-15T19:31:23Z","/xmlrpc.php","Mozilla/5.0 (Macintosh; Intel Mac OS X 10_11_6) AppleWebKit/602.1.50 (KHTML, like Gecko) Version/10.0 Safari/602.1.50","xmlrpc"
"162.158.88.171","2025-11-15T19:31:24Z","/xmlrpc.php","Mozilla/5.0 (Windows NT 10.0) AppleWebKit/537.36 (KHTML, like Gecko) Chrome/67.0.3396.87 Safari/537.36","xmlrpc"
"162.158.106.76","2025-11-15T19:31:26Z","/xmlrpc.php","Mozilla/5.0 (Macintosh; Intel Mac OS X 10_11_6) AppleWebKit/602.1.50 (KHTML, like Gecko) Version/10.0 Safari/602.1.50","xmlrpc"
"162.158.108.95","2025-11-15T19:31:27Z","/xmlrpc.php","Mozilla/5.0 (Windows NT 10.0) AppleWebKit/537.36 (KHTML, like Gecko) Chrome/67.0.3396.87 Safari/537.36","xmlrpc"
"162.158.189.91","2025-11-15T19:31:28Z","/xmlrpc.php","Mozilla/5.0 (Windows NT 10.0) AppleWebKit/537.36 (KHTML, like Gecko) Chrome/67.0.3396.87 Safari/537.36","xmlrpc"
"104.23.175.135","2025-11-15T19:31:29Z","/xmlrpc.php","Mozilla/5.0 (Windows NT 10.0) AppleWebKit/537.36 (KHTML, like Gecko) Chrome/67.0.3396.87 Safari/537.36","xmlrpc"
"162.158.170.227","2025-11-15T19:33:23Z","/xmlrpc.php","Mozilla/5.0 (X11; Ubuntu; Linux x86_64; rv:85.0) Gecko/20100101 Firefox/91.0","xmlrpc"
"162.158.170.227","2025-11-15T19:34:41Z","/xmlrpc.php","Mozilla/5.0 (X11; Linux x86_64) AppleWebKit/537.36 (KHTML, like Gecko) Chrome/66.0.3359.158 Safari/537.36","xmlrpc"
"162.158.88.171","2025-11-15T19:34:55Z","/xmlrpc.php","Mozilla/5.0 (X11; Linux x86_64) AppleWebKit/537.36 (KHTML, like Gecko) Chrome/66.0.3359.158 Safari/537.36","xmlrpc"
"172.71.81.168","2025-11-15T19:37:08Z","/xmlrpc.php","Mozilla/5.0 (Windows NT 10.0; WOW64; Trident/7.0; Touch; ASU2JS; rv:11.0) like Gecko","xmlrpc"
"108.162.226.30","2025-11-15T19:37:17Z","/xmlrpc.php","Mozilla/5.0 (Windows NT 6.1; WOW64; Trident/7.0; NP08; NP08; MAAU; rv:11.0) like Gecko","xmlrpc"
"172.71.81.168","2025-11-15T19:37:19Z","/xmlrpc.php","Mozilla/5.0 (Windows NT 10.0; WOW64; Trident/7.0; Touch; ASU2JS; rv:11.0) like Gecko","xmlrpc"
"172.68.164.78","2025-11-15T19:37:28Z","/xmlrpc.php","Mozilla/5.0 (compatible; MSIE 10.0; Windows NT 10.0; WOW64; Trident/7.0)","xmlrpc"
"172.71.81.168","2025-11-15T19:37:52Z","/xmlrpc.php","Mozilla/5.0 (compatible; MSIE 10.0; Windows NT 6.1; Win64; x64; Trident/7.0)","xmlrpc"
"172.70.142.50","2025-11-15T19:38:10Z","/xmlrpc.php","Mozilla/5.0 (Windows NT 10.0; WOW64; Trident/7.0; AS; rv:11.0) like Gecko","xmlrpc"
"172.70.189.163","2025-11-15T19:39:28Z","/xmlrpc.php","Mozilla/5.0 (Windows NT 10.0; WOW64; Trident/7.0; yie11; rv:11.0) like Gecko","xmlrpc"
"162.158.189.90","2025-11-15T19:39:42Z","/xmlrpc.php","Mozilla/5.0 (Windows NT 10.0; WOW64; Trident/7.0; yie11; rv:11.0) like Gecko","xmlrpc"
"162.158.108.95","2025-11-15T19:39:53Z","/xmlrpc.php","Mozilla/5.0 (Windows NT 10.0; WOW64; Trident/7.0; yie11; rv:11.0) like Gecko","xmlrpc"
"162.158.88.171","2025-11-15T19:41:16Z","/xmlrpc.php","Mozilla/5.0 (Windows NT 6.1; Win64; x64) AppleWebKit/537.36 (KHTML, like Gecko) Chrome/52.0.2743.116 Safari/537.36 Edge/15.15063","xmlrpc"
"172.69.176.55","2025-11-15T19:48:23Z","/xmlrpc.php","Mozilla/5.0 (Windows NT 10.0; Win64; x64) AppleWebKit/537.36 (KHTML, like Gecko) Chrome/127.0.0.0 Safari/537.36","xmlrpc"
"108.162.227.16","2025-11-15T19:48:23Z","/xmlrpc.php","Mozilla/5.0 (Windows NT 10.0; Win64; x64) AppleWebKit/537.36 (KHTML, like Gecko) Chrome/127.0.0.0 Safari/537.36","xmlrpc"
"162.158.106.155","2025-11-15T19:50:22Z","/xmlrpc.php","Mozilla/5.0 (Macintosh; Intel Mac OS X 10_15_7; x86) AppleWebKit/537.36 (KHTML, like Gecko) Safari/11.0.0.0 Safari/537.36","xmlrpc"
"172.68.164.78","2025-11-15T19:51:12Z","/xmlrpc.php","Mozilla/5.0 (X11; Ubuntu; Linux x86_64; rv:85.0) Gecko/20100101 Firefox/91.0","xmlrpc"
"172.68.164.78","2025-11-15T19:51:31Z","/xmlrpc.php","Mozilla/5.0 (X11; Linux x86_64) AppleWebKit/537.36 (KHTML, like Gecko) Chrome/67.0.3396.87 Safari/537.36","xmlrpc"
"104.23.175.135","2025-11-15T19:54:31Z","/xmlrpc.php","Mozilla/4.0 (compatible; MSIE 7.0; Windows NT 6.3; WOW64; Trident/7.0; Touch; .NET4.0E; .NET4.0C; Tablet PC 2.0; .NET CLR 3.5.30729; .NET CLR 2.0.50727; .NET CLR 3.0.30729)","xmlrpc"
"172.70.208.134","2025-11-15T19:54:33Z","/xmlrpc.php","Mozilla/4.0 (compatible; MSIE 7.0; Windows NT 6.3; WOW64; Trident/7.0; Touch; .NET4.0E; .NET4.0C; Tablet PC 2.0; .NET CLR 3.5.30729; .NET CLR 2.0.50727; .NET CLR 3.0.30729)","xmlrpc"
"172.71.81.168","2025-11-15T19:54:36Z","/xmlrpc.php","Mozilla/4.0 (compatible; MSIE 7.0; Windows NT 6.3; WOW64; Trident/7.0; Touch; .NET4.0E; .NET4.0C; Tablet PC 2.0; .NET CLR 3.5.30729; .NET CLR 2.0.50727; .NET CLR 3.0.30729)","xmlrpc"
"172.70.93.114","2025-11-15T19:54:39Z","/xmlrpc.php","Mozilla/4.0 (compatible; MSIE 7.0; Windows NT 6.3; WOW64; Trident/7.0; Touch; .NET4.0E; .NET4.0C; Tablet PC 2.0; .NET CLR 3.5.30729; .NET CLR 2.0.50727; .NET CLR 3.0.30729)","xmlrpc"
"172.71.81.168","2025-11-15T19:54:41Z","/xmlrpc.php","Mozilla/4.0 (compatible; MSIE 7.0; Windows NT 6.3; WOW64; Trident/7.0; Touch; .NET4.0E; .NET4.0C; Tablet PC 2.0; .NET CLR 3.5.30729; .NET CLR 2.0.50727; .NET CLR 3.0.30729)","xmlrpc"
"172.68.164.116","2025-11-15T19:54:43Z","/xmlrpc.php","Mozilla/4.0 (compatible; MSIE 7.0; Windows NT 6.3; WOW64; Trident/7.0; Touch; .NET4.0E; .NET4.0C; Tablet PC 2.0; .NET CLR 3.5.30729; .NET CLR 2.0.50727; .NET CLR 3.0.30729)","xmlrpc"
"172.69.176.9","2025-11-15T19:54:45Z","/xmlrpc.php","Mozilla/4.0 (compatible; MSIE 7.0; Windows NT 6.3; WOW64; Trident/7.0; Touch; .NET4.0E; .NET4.0C; Tablet PC 2.0; .NET CLR 3.5.30729; .NET CLR 2.0.50727; .NET CLR 3.0.30729)","xmlrpc"
"172.70.208.134","2025-11-15T19:54:49Z","/xmlrpc.php","Mozilla/4.0 (compatible; MSIE 7.0; Windows NT 6.3; WOW64; Trident/7.0; Touch; .NET4.0E; .NET4.0C; Tablet PC 2.0; .NET CLR 3.5.30729; .NET CLR 2.0.50727; .NET CLR 3.0.30729)","xmlrpc"
"172.68.164.78","2025-11-15T19:55:58Z","/xmlrpc.php","Mozilla/4.0 (compatible; MSIE 7.0; Windows NT 6.2; Trident/7.0; .NET4.0C; .NET4.0E; .NET CLR 2.0.50727; .NET CLR 3.0.30729; .NET CLR 3.5.30729)","xmlrpc"
"162.158.106.76","2025-11-15T19:56:05Z","/xmlrpc.php","Mozilla/5.0 (Windows NT 6.3; WOW64; Trident/7.0; TAJB; rv:11.0) like Gecko","xmlrpc"
"172.70.208.134","2025-11-15T19:56:36Z","/xmlrpc.php","Mozilla/4.0 (compatible; MSIE 7.0; Windows NT 6.2; Trident/7.0; .NET4.0C; .NET4.0E; .NET CLR 2.0.50727; .NET CLR 3.0.30729; .NET CLR 3.5.30729)","xmlrpc"
"104.23.175.135","2025-11-15T19:56:40Z","/xmlrpc.php","Mozilla/5.0 (Windows NT 6.3; WOW64; Trident/7.0; TAJB; rv:11.0) like Gecko","xmlrpc"
"172.71.81.168","2025-11-15T19:56:57Z","/xmlrpc.php","Mozilla/4.0 (compatible; MSIE 7.0; Windows NT 6.2; Trident/7.0; .NET4.0C; .NET4.0E; .NET CLR 2.0.50727; .NET CLR 3.0.30729; .NET CLR 3.5.30729)","xmlrpc"
"172.71.124.40","2025-11-15T19:57:05Z","/xmlrpc.php","Mozilla/5.0 (Windows NT 6.3; WOW64; Trident/7.0; TAJB; rv:11.0) like Gecko","xmlrpc"
"104.23.175.135","2025-11-15T19:57:16Z","/xmlrpc.php","Mozilla/4.0 (compatible; MSIE 7.0; Windows NT 6.2; Trident/7.0; .NET4.0C; .NET4.0E; .NET CLR 2.0.50727; .NET CLR 3.0.30729; .NET CLR 3.5.30729)","xmlrpc"
"108.162.226.30","2025-11-15T19:57:24Z","/xmlrpc.php","Mozilla/5.0 (Windows NT 6.3; WOW64; Trident/7.0; TAJB; rv:11.0) like Gecko","xmlrpc"
"172.70.208.134","2025-11-15T19:57:42Z","/xmlrpc.php","Mozilla/4.0 (compatible; MSIE 7.0; Windows NT 6.3; WOW64; Trident/7.0; Touch; .NET4.0E; .NET4.0C; Tablet PC 2.0; .NET CLR 3.5.30729; .NET CLR 2.0.50727; .NET CLR 3.0.30729)","xmlrpc"
"162.158.108.51","2025-11-15T19:57:57Z","/xmlrpc.php","Mozilla/4.0 (compatible; MSIE 7.0; Windows NT 6.2; Trident/7.0; .NET4.0C; .NET4.0E; .NET CLR 2.0.50727; .NET CLR 3.0.30729; .NET CLR 3.5.30729)","xmlrpc"
"162.158.108.95","2025-11-15T20:10:42Z","/xmlrpc.php","Mozilla/5.0 (Macintosh; Intel Mac OS X 10_13_5) AppleWebKit/537.36 (KHTML, like Gecko) Chrome/67.0.3396.79 Safari/537.36","xmlrpc"
"108.162.226.30","2025-11-15T20:11:29Z","/xmlrpc.php","Mozilla/5.0 (X11; Ubuntu; Linux x86_64; rv:85.0) Gecko/20100101 Firefox/91.0","xmlrpc"
"162.158.108.95","2025-11-15T20:12:26Z","/xmlrpc.php","Mozilla/4.0 (compatible; MSIE 7.0; Windows NT 6.3; Win64; x64; Trident/7.0; .NET4.0E; .NET4.0C)","xmlrpc"
"162.158.108.94","2025-11-15T20:13:29Z","/xmlrpc.php?rsd","Mozilla/5.0 (Windows NT 10.0; Win64; x64) AppleWebKit/537.36 (KHTML, like Gecko) Chrome/89.0.4389.114 Safari/537.36","xmlrpc"
"108.162.226.31","2025-11-15T20:13:33Z","/xmlrpc.php","Mozilla/5.0 (Windows NT 10.0; Win64; x64) AppleWebKit/537.36 (KHTML, like Gecko) Chrome/89.0.4389.114 Safari/537.36","xmlrpc"
"162.158.88.171","2025-11-15T20:13:33Z","/xmlrpc.php","Mozilla/5.0 (Windows NT 10.0; Win64; x64) AppleWebKit/537.36 (KHTML, like Gecko) Chrome/89.0.4389.114 Safari/537.36","xmlrpc"
"172.70.208.134","2025-11-15T20:13:33Z","/xmlrpc.php","Mozilla/5.0 (Windows NT 10.0; Win64; x64) AppleWebKit/537.36 (KHTML, like Gecko) Chrome/89.0.4389.114 Safari/537.36","xmlrpc"
"172.69.176.9","2025-11-15T20:13:34Z","/xmlrpc.php","Mozilla/5.0 (Windows NT 10.0; Win64; x64) AppleWebKit/537.36 (KHTML, like Gecko) Chrome/89.0.4389.114 Safari/537.36","xmlrpc"
"172.69.165.22","2025-11-15T20:15:21Z","/xmlrpc.php","Mozilla/5.0 (Windows NT 6.3; WOW64; Trident/7.0; Touch; MASMJS; rv:11.0) like Gecko","xmlrpc"
"108.162.226.31","2025-11-15T20:15:23Z","/xmlrpc.php","Mozilla/5.0 (Windows NT 6.3; WOW64; Trident/7.0; Touch; MASMJS; rv:11.0) like Gecko","xmlrpc"
"172.70.93.114","2025-11-15T20:15:24Z","/xmlrpc.php","Mozilla/5.0 (Windows NT 6.3; WOW64; Trident/7.0; Touch; MASMJS; rv:11.0) like Gecko","xmlrpc"
"172.70.208.134","2025-11-15T20:15:26Z","/xmlrpc.php","Mozilla/5.0 (Windows NT 6.3; WOW64; Trident/7.0; Touch; MASMJS; rv:11.0) like Gecko","xmlrpc"
"172.70.189.163","2025-11-15T20:15:28Z","/xmlrpc.php","Mozilla/5.0 (Windows NT 6.3; WOW64; Trident/7.0; Touch; MASMJS; rv:11.0) like Gecko","xmlrpc"
"172.69.165.22","2025-11-15T20:15:30Z","/xmlrpc.php","Mozilla/5.0 (Windows NT 6.3; WOW64; Trident/7.0; Touch; MASMJS; rv:11.0) like Gecko","xmlrpc"
"172.69.176.9","2025-11-15T20:15:32Z","/xmlrpc.php","Mozilla/5.0 (Windows NT 6.3; WOW64; Trident/7.0; Touch; MASMJS; rv:11.0) like Gecko","xmlrpc"
"172.68.164.78","2025-11-15T20:15:34Z","/xmlrpc.php","Mozilla/5.0 (Windows NT 6.3; WOW64; Trident/7.0; Touch; MASMJS; rv:11.0) like Gecko","xmlrpc"
"162.158.88.171","2025-11-15T20:17:54Z","/xmlrpc.php","Mozilla/5.0 (Windows NT 6.3; WOW64; Trident/7.0; MAGWJS; rv:11.0) like Gecko","xmlrpc"
"108.162.226.31","2025-11-15T20:19:58Z","/xmlrpc.php","Mozilla/5.0 (Windows NT 6.1; WOW64; Trident/7.0; BOIE9;ENGB; rv:11.0) like Gecko","xmlrpc"
"162.158.88.171","2025-11-15T20:21:46Z","/xmlrpc.php","Mozilla/5.0 (Windows NT 6.3; WOW64; Trident/7.0; MASEJS; rv:11.0) like Gecko","xmlrpc"
"172.71.81.167","2025-11-15T20:22:07Z","/xmlrpc.php","Mozilla/5.0 (Windows NT 10.0; WOW64; Trident/7.0; Touch; TBTE; rv:11.0) like Gecko","xmlrpc"
"172.70.189.164","2025-11-15T20:22:09Z","/xmlrpc.php","Mozilla/5.0 (Windows NT 10.0; WOW64; Trident/7.0; Touch; TBTE; rv:11.0) like Gecko","xmlrpc"
"108.162.226.31","2025-11-15T20:22:11Z","/xmlrpc.php","Mozilla/5.0 (Windows NT 6.3; WOW64; Trident/7.0; MASEJS; rv:11.0) like Gecko","xmlrpc"
"172.69.165.23","2025-11-15T20:22:11Z","/xmlrpc.php","Mozilla/5.0 (Windows NT 10.0; WOW64; Trident/7.0; Touch; TBTE; rv:11.0) like Gecko","xmlrpc"
"172.70.142.50","2025-11-15T20:22:13Z","/xmlrpc.php","Mozilla/5.0 (Windows NT 10.0; WOW64; Trident/7.0; Touch; TBTE; rv:11.0) like Gecko","xmlrpc"
"172.71.81.167","2025-11-15T20:22:15Z","/xmlrpc.php","Mozilla/5.0 (Windows NT 10.0; WOW64; Trident/7.0; Touch; TBTE; rv:11.0) like Gecko","xmlrpc"
"162.158.108.94","2025-11-15T20:22:18Z","/xmlrpc.php","Mozilla/5.0 (Windows NT 10.0; WOW64; Trident/7.0; Touch; TBTE; rv:11.0) like Gecko","xmlrpc"
"172.69.176.9","2025-11-15T20:22:21Z","/xmlrpc.php","Mozilla/5.0 (Windows NT 10.0; WOW64; Trident/7.0; Touch; TBTE; rv:11.0) like Gecko","xmlrpc"
"172.70.208.135","2025-11-15T20:22:24Z","/xmlrpc.php","Mozilla/5.0 (Windows NT 10.0; WOW64; Trident/7.0; Touch; TBTE; rv:11.0) like Gecko","xmlrpc"
"172.71.81.167","2025-11-15T20:22:40Z","/xmlrpc.php","Mozilla/5.0 (Windows NT 6.3; Trident/7.0; rv:11.0) like Gecko","xmlrpc"
"172.68.164.79","2025-11-15T20:23:09Z","/xmlrpc.php","Mozilla/5.0 (Windows NT 6.2; Win64; x64; Trident/7.0; rv:11.0) like Gecko","xmlrpc"
"162.158.88.171","2025-11-15T20:23:09Z","/xmlrpc.php","Mozilla/5.0 (Windows NT 6.2; Win64; x64; Trident/7.0; rv:11.0) like Gecko","xmlrpc"
"172.70.208.135","2025-11-15T20:33:48Z","/xmlrpc.php","Mozilla/5.0 (Windows NT 6.1; WOW64; Trident/7.0; BOIE9;ENUS; rv:11.0) like Gecko","xmlrpc"
"172.71.124.40","2025-11-15T20:34:16Z","/xmlrpc.php","Mozilla/5.0 (Windows NT 6.1; WOW64; Trident/7.0; BOIE9;ENUS; rv:11.0) like Gecko","xmlrpc"
"172.70.208.135","2025-11-15T20:34:21Z","/xmlrpc.php","Mozilla/5.0 (X11; Ubuntu; Linux x86_64; rv:85.0) Gecko/20100101 Firefox/91.0","xmlrpc"
"162.158.106.77","2025-11-15T20:34:39Z","/xmlrpc.php","Mozilla/5.0 (Windows NT 6.1; WOW64; Trident/7.0; BOIE9;ENUS; rv:11.0) like Gecko","xmlrpc"
"162.158.88.171","2025-11-15T20:35:03Z","/xmlrpc.php","Mozilla/5.0 (Windows NT 6.1; WOW64; Trident/7.0; BOIE9;ENUS; rv:11.0) like Gecko","xmlrpc"
"162.158.108.94","2025-11-15T20:35:18Z","/xmlrpc.php","Mozilla/5.0 (Windows NT 6.1; WOW64; Trident/7.0; BOIE9;ENUS; rv:11.0) like Gecko","xmlrpc"
"172.68.164.79","2025-11-15T20:35:29Z","/xmlrpc.php","Mozilla/5.0 (Windows NT 6.1; WOW64; Trident/7.0; BOIE9;ENUS; rv:11.0) like Gecko","xmlrpc"
"162.158.106.77","2025-11-15T20:35:42Z","/xmlrpc.php","Mozilla/5.0 (Windows NT 6.1; WOW64; Trident/7.0; BOIE9;ENUS; rv:11.0) like Gecko","xmlrpc"
"162.158.189.90","2025-11-15T20:35:59Z","/xmlrpc.php","Mozilla/5.0 (Windows NT 6.1; WOW64; Trident/7.0; BOIE9;ENUS; rv:11.0) like Gecko","xmlrpc"
"172.70.189.164","2025-11-15T20:41:13Z","/xmlrpc.php","Mozilla/4.0 (compatible; MSIE 7.0; Windows NT 6.3; WOW64; Trident/7.0; .NET4.0E; .NET4.0C; .NET CLR 3.5.30729; .NET CLR 2.0.50727; .NET CLR 3.0.30729)","xmlrpc"
"162.158.189.90","2025-11-15T20:42:55Z","/xmlrpc.php","Mozilla/5.0 (Windows NT 6.1) AppleWebKit/537.36 (KHTML, like Gecko) Chrome/66.0.3359.170 Safari/537.36","xmlrpc"
"172.71.81.167","2025-11-15T20:45:40Z","/xmlrpc.php","Mozilla/5.0 (Windows NT 6.3; WOW64; Trident/7.0; ASJB; rv:11.0) like Gecko","xmlrpc"
"172.70.208.135","2025-11-15T20:46:28Z","/xmlrpc.php","Mozilla/5.0 (Windows NT 6.3; WOW64; Trident/7.0; ASJB; rv:11.0) like Gecko","xmlrpc"
"172.70.189.164","2025-11-15T20:46:47Z","/xmlrpc.php","Mozilla/5.0 (Windows NT 6.3; WOW64; Trident/7.0; ASJB; rv:11.0) like Gecko","xmlrpc"
"172.68.164.79","2025-11-15T20:47:22Z","/xmlrpc.php","Mozilla/5.0 (Windows NT 6.3; WOW64; Trident/7.0; ASJB; rv:11.0) like Gecko","xmlrpc"
"104.23.175.135","2025-11-15T20:48:27Z","/xmlrpc.php","Mozilla/5.0 (X11; Linux x86_64) AppleWebKit/537.36 (KHTML, like Gecko) Chrome/65.0.3325.181 Safari/537.36","xmlrpc"
"172.69.165.22","2025-11-15T20:48:33Z","/xmlrpc.php","Mozilla/5.0 (X11; Linux x86_64) AppleWebKit/537.36 (KHTML, like Gecko) Chrome/65.0.3325.181 Safari/537.36","xmlrpc"
"162.158.108.95","2025-11-15T20:48:39Z","/xmlrpc.php","Mozilla/5.0 (X11; Linux x86_64) AppleWebKit/537.36 (KHTML, like Gecko) Chrome/65.0.3325.181 Safari/537.36","xmlrpc"
"104.23.175.135","2025-11-15T20:48:42Z","/xmlrpc.php","Mozilla/5.0 (X11; Linux x86_64) AppleWebKit/537.36 (KHTML, like Gecko) Chrome/65.0.3325.181 Safari/537.36","xmlrpc"
"172.69.165.23","2025-11-15T20:48:46Z","/xmlrpc.php","Mozilla/5.0 (X11; Linux x86_64) AppleWebKit/537.36 (KHTML, like Gecko) Chrome/65.0.3325.181 Safari/537.36","xmlrpc"
"172.70.93.114","2025-11-15T20:48:51Z","/xmlrpc.php","Mozilla/5.0 (X11; Linux x86_64) AppleWebKit/537.36 (KHTML, like Gecko) Chrome/65.0.3325.181 Safari/537.36","xmlrpc"
"172.71.124.41","2025-11-15T20:48:53Z","/xmlrpc.php","Mozilla/5.0 (X11; Linux x86_64) AppleWebKit/537.36 (KHTML, like Gecko) Chrome/65.0.3325.181 Safari/537.36","xmlrpc"
"172.70.208.135","2025-11-15T20:48:56Z","/xmlrpc.php","Mozilla/5.0 (X11; Linux x86_64) AppleWebKit/537.36 (KHTML, like Gecko) Chrome/65.0.3325.181 Safari/537.36","xmlrpc"
"162.158.88.171","2025-11-15T20:50:08Z","/xmlrpc.php","Mozilla/5.0 (Windows NT 6.1; WOW64; Trident/7.0; yie11; rv:11.0) like Gecko","xmlrpc"
"172.68.164.60","2025-11-15T20:57:44Z","//xmlrpc.php?rsd","Mozilla/5.0 (Windows NT 10.0; Win64; x64) AppleWebKit/537.36 (KHTML, like Gecko) Chrome/88.0.4240.193 Safari/537.36","xmlrpc"
"108.162.226.31","2025-11-15T20:58:12Z","/xmlrpc.php","Mozilla/5.0 (Windows NT 6.3; WOW64; rv:60.0) Gecko/20100101 Firefox/60.0","xmlrpc"
"172.70.142.50","2025-11-15T20:58:37Z","/xmlrpc.php","Mozilla/5.0 (Windows NT 6.3; WOW64; rv:60.0) Gecko/20100101 Firefox/60.0","xmlrpc"
"104.23.175.135","2025-11-15T20:59:02Z","/xmlrpc.php","Mozilla/5.0 (Windows NT 6.3; WOW64; rv:60.0) Gecko/20100101 Firefox/60.0","xmlrpc"
"162.158.88.171","2025-11-15T20:59:21Z","/xmlrpc.php","Mozilla/5.0 (Windows NT 6.3; WOW64; rv:60.0) Gecko/20100101 Firefox/60.0","xmlrpc"
"108.162.226.31","2025-11-15T20:59:22Z","/xmlrpc.php","Mozilla/5.0 (X11; Ubuntu; Linux x86_64; rv:85.0) Gecko/20100101 Firefox/91.0","xmlrpc"
"104.23.175.135","2025-11-15T20:59:42Z","/xmlrpc.php","Mozilla/5.0 (Windows NT 6.3; WOW64; rv:60.0) Gecko/20100101 Firefox/60.0","xmlrpc"
"172.68.164.79","2025-11-15T21:00:02Z","/xmlrpc.php","Mozilla/5.0 (Windows NT 6.3; WOW64; rv:60.0) Gecko/20100101 Firefox/60.0","xmlrpc"
"172.71.81.168","2025-11-15T21:00:09Z","/xmlrpc.php","Mozilla/5.0 (Macintosh; Intel Mac OS X 10_12_6) AppleWebKit/604.1.38 (KHTML, like Gecko) Version/11.0 Safari/604.1.38","xmlrpc"
"172.70.189.164","2025-11-15T21:00:32Z","/xmlrpc.php","Mozilla/5.0 (Windows NT 6.3; Trident/7.0; Touch; rv:11.0) like Gecko","xmlrpc"
"172.69.176.9","2025-11-15T21:05:47Z","/xmlrpc.php","Mozilla/5.0 (Windows NT 10.0; WOW64; Trident/7.0; MDDSJS; rv:11.0) like Gecko","xmlrpc"
"162.158.189.90","2025-11-15T21:05:48Z","/xmlrpc.php","Mozilla/5.0 (Windows NT 10.0; WOW64; Trident/7.0; MDDSJS; rv:11.0) like Gecko","xmlrpc"
"108.162.226.31","2025-11-15T21:08:49Z","/xmlrpc.php","Mozilla/5.0 (compatible; MSIE 9.0; Windows NT 6.3; WOW64; Trident/7.0)","xmlrpc"
"172.70.93.114","2025-11-15T21:08:52Z","/xmlrpc.php","Mozilla/5.0 (compatible; MSIE 9.0; Windows NT 6.3; WOW64; Trident/7.0)","xmlrpc"
"172.70.93.114","2025-11-15T21:08:56Z","/xmlrpc.php","Mozilla/5.0 (Windows NT 10.0; WOW64; Trident/7.0; TAJB; rv:11.0) like Gecko","xmlrpc"
"172.69.165.22","2025-11-15T21:09:05Z","/xmlrpc.php","Mozilla/5.0 (Windows NT 6.3; WOW64; Trident/7.0; TNJB; rv:11.0) like Gecko","xmlrpc"
"108.162.226.31","2025-11-15T21:09:06Z","/xmlrpc.php","Mozilla/5.0 (Windows NT 6.3; WOW64; Trident/7.0; TNJB; rv:11.0) like Gecko","xmlrpc"
"162.158.106.77","2025-11-15T21:09:07Z","/xmlrpc.php","Mozilla/5.0 (Windows NT 6.3; WOW64; Trident/7.0; TNJB; rv:11.0) like Gecko","xmlrpc"
"172.70.147.178","2025-11-15T21:09:09Z","/xmlrpc.php","Mozilla/5.0 (Windows NT 6.3; WOW64; Trident/7.0; TNJB; rv:11.0) like Gecko","xmlrpc"
"172.71.81.168","2025-11-15T21:09:10Z","/xmlrpc.php","Mozilla/5.0 (Windows NT 6.3; WOW64; Trident/7.0; TNJB; rv:11.0) like Gecko","xmlrpc"
"172.70.189.164","2025-11-15T21:09:11Z","/xmlrpc.php","Mozilla/5.0 (Windows NT 6.3; WOW64; Trident/7.0; TNJB; rv:11.0) like Gecko","xmlrpc"
"172.71.124.41","2025-11-15T21:09:13Z","/xmlrpc.php","Mozilla/5.0 (Windows NT 6.3; WOW64; Trident/7.0; TNJB; rv:11.0) like Gecko","xmlrpc"
"108.162.226.31","2025-11-15T21:09:14Z","/xmlrpc.php","Mozilla/5.0 (Windows NT 6.3; WOW64; Trident/7.0; TNJB; rv:11.0) like Gecko","xmlrpc"
"162.158.88.171","2025-11-15T21:09:17Z","/xmlrpc.php","Mozilla/5.0 (Windows NT 10.0; WOW64; Trident/7.0; TAJB; rv:11.0) like Gecko","xmlrpc"
"172.71.124.41","2025-11-15T21:11:02Z","/xmlrpc.php","Mozilla/4.0 (compatible; MSIE 7.0; Windows NT 6.3; WOW64; Trident/7.0; .NET4.0C; .NET4.0E; .NET CLR 2.0.50727; .NET CLR 3.0.30729; .NET CLR 3.5.30729; Tablet PC 2.0)","xmlrpc"
"172.70.208.135","2025-11-15T21:12:54Z","/xmlrpc.php","Mozilla/5.0 (Windows NT 6.1; WOW64; Trident/7.0; NP06; rv:11.0) like Gecko","xmlrpc"
"172.68.164.79","2025-11-15T21:15:54Z","/xmlrpc.php","Mozilla/5.0 (Macintosh; Intel Mac OS X 10_13_4) AppleWebKit/537.36 (KHTML, like Gecko) Chrome/67.0.3396.87 Safari/537.36","xmlrpc"
"172.70.189.164","2025-11-15T21:18:10Z","/xmlrpc.php?rsd","Mozilla/5.0 (Windows NT 10.0; Win64; x64) AppleWebKit/537.36 (KHTML, like Gecko) Chrome/134.0.0.0 Safari/537.36","xmlrpc"
"172.70.93.114","2025-11-15T21:18:16Z","/xmlrpc.php","Mozilla/5.0 (Windows NT 10.0; Win64; x64) AppleWebKit/537.36 (KHTML, like Gecko) Chrome/58.0.3029.110 Safari/537.36 Edge/16.16299","xmlrpc"
"172.70.142.50","2025-11-15T21:18:29Z","/xmlrpc.php","Mozilla/5.0 (Windows NT 10.0; Win64; x64) AppleWebKit/537.36 (KHTML, like Gecko) Chrome/58.0.3029.110 Safari/537.36 Edge/16.16299","xmlrpc"
"172.71.81.168","2025-11-15T21:19:10Z","/xmlrpc.php?rsd","Mozilla/5.0 (Windows NT 10.0; Win64; x64) AppleWebKit/537.36 (KHTML, like Gecko) Chrome/88.0.4240.193 Safari/537.36","xmlrpc"
"108.162.226.31","2025-11-15T21:19:16Z","/xmlrpc.php","Mozilla/5.0 (Windows NT 10.0; Win64; x64) AppleWebKit/537.36 (KHTML, like Gecko) Chrome/88.0.4240.193 Safari/537.36","xmlrpc"
"172.71.81.168","2025-11-15T21:19:16Z","/xmlrpc.php","Mozilla/5.0 (Windows NT 10.0; Win64; x64) AppleWebKit/537.36 (KHTML, like Gecko) Chrome/88.0.4240.193 Safari/537.36","xmlrpc"
"162.158.170.24","2025-11-15T21:19:16Z","/xmlrpc.php","Mozilla/5.0 (Windows NT 10.0; Win64; x64) AppleWebKit/537.36 (KHTML, like Gecko) Chrome/88.0.4240.193 Safari/537.36","xmlrpc"
"162.158.88.171","2025-11-15T21:19:17Z","/xmlrpc.php","Mozilla/5.0 (Windows NT 10.0; Win64; x64) AppleWebKit/537.36 (KHTML, like Gecko) Chrome/88.0.4240.193 Safari/537.36","xmlrpc"
"172.69.176.8","2025-11-15T21:20:19Z","/xmlrpc.php","Mozilla/4.0 (compatible; MSIE 7.0; Windows NT 6.1; WOW64; Trident/7.0; SLCC2; .NET CLR 2.0.50727; .NET CLR 3.5.30729; .NET CLR 3.0.30729; Media Center PC 6.0; InfoPath.3; .NET4.0C; .NET4.0E)","xmlrpc"
"162.158.170.227","2025-11-15T21:21:56Z","/xmlrpc.php","Mozilla/5.0 (Windows NT 6.2; x64) AppleWebKit/537.36 (KHTML, like Gecko) Opera/73.0.0.0 Safari/537.36","xmlrpc"
"172.71.124.41","2025-11-15T21:23:02Z","/xmlrpc.php","Mozilla/5.0 (Windows NT 6.2; Win64; x64) AppleWebKit/537.36 (KHTML, like Gecko) Chrome/65.0.3325.181 Safari/537.36 OPR/52.0.2871.99","xmlrpc"
"162.158.108.94","2025-11-15T21:26:44Z","/xmlrpc.php","Mozilla/5.0 (X11; Ubuntu; Linux x86_64; rv:85.0) Gecko/20100101 Firefox/91.0","xmlrpc"
"162.158.88.171","2025-11-15T21:26:52Z","/xmlrpc.php","Mozilla/5.0 (Windows NT 6.3; WOW64; Trident/7.0; TAJB; rv:11.0) like Gecko","xmlrpc"
"172.71.81.168","2025-11-15T21:27:26Z","/xmlrpc.php","Mozilla/5.0 (compatible; MSIE 10.0; Windows NT 6.1; Win64; x64; Trident/7.0)","xmlrpc"
"172.71.124.41","2025-11-15T21:29:20Z","/xmlrpc.php","Mozilla/5.0 (Windows NT 10.0; WOW64; Trident/7.0; Touch; TNJB; rv:11.0) like Gecko","xmlrpc"
"172.71.81.168","2025-11-15T21:29:39Z","/xmlrpc.php","Mozilla/5.0 (Windows NT 10.0; WOW64; Trident/7.0; Touch; TNJB; rv:11.0) like Gecko","xmlrpc"
"172.69.165.23","2025-11-15T21:29:59Z","/xmlrpc.php","Mozilla/5.0 (Windows NT 10.0; WOW64; Trident/7.0; Touch; TNJB; rv:11.0) like Gecko","xmlrpc"
"172.70.93.114","2025-11-15T21:30:19Z","/xmlrpc.php","Mozilla/5.0 (Windows NT 10.0; WOW64; Trident/7.0; Touch; TNJB; rv:11.0) like Gecko","xmlrpc"
"162.158.170.227","2025-11-15T21:30:38Z","/xmlrpc.php","Mozilla/5.0 (Windows NT 10.0; WOW64; Trident/7.0; Touch; TNJB; rv:11.0) like Gecko","xmlrpc"
"162.158.189.91","2025-11-15T21:30:59Z","/xmlrpc.php","Mozilla/5.0 (Windows NT 10.0; WOW64; Trident/7.0; Touch; TNJB; rv:11.0) like Gecko","xmlrpc"
"172.70.208.135","2025-11-15T21:31:25Z","/xmlrpc.php","Mozilla/5.0 (Windows NT 10.0; WOW64; Trident/7.0; Touch; TNJB; rv:11.0) like Gecko","xmlrpc"
"162.158.170.227","2025-11-15T21:34:41Z","/xmlrpc.php","Mozilla/4.0 (compatible; MSIE 7.0; Windows NT 10.0; WOW64; Trident/7.0; Touch; .NET4.0C; .NET4.0E; .NET CLR 2.0.50727; .NET CLR 3.0.30729; .NET CLR 3.5.30729; Tablet PC 2.0)","xmlrpc"
"172.69.165.22","2025-11-15T21:34:50Z","/xmlrpc.php","Mozilla/4.0 (compatible; MSIE 7.0; Windows NT 10.0; WOW64; Trident/7.0; Touch; .NET4.0C; .NET4.0E; .NET CLR 2.0.50727; .NET CLR 3.0.30729; .NET CLR 3.5.30729; Tablet PC 2.0)","xmlrpc"
"172.68.164.79","2025-11-15T21:34:53Z","/xmlrpc.php","Mozilla/4.0 (compatible; MSIE 7.0; Windows NT 10.0; WOW64; Trident/7.0; Touch; .NET4.0C; .NET4.0E; .NET CLR 2.0.50727; .NET CLR 3.0.30729; .NET CLR 3.5.30729; Tablet PC 2.0)","xmlrpc"
"172.70.142.50","2025-11-15T21:35:01Z","/xmlrpc.php","Mozilla/4.0 (compatible; MSIE 7.0; Windows NT 10.0; WOW64; Trident/7.0; Touch; .NET4.0C; .NET4.0E; .NET CLR 2.0.50727; .NET CLR 3.0.30729; .NET CLR 3.5.30729; Tablet PC 2.0)","xmlrpc"
"172.69.176.9","2025-11-15T21:35:07Z","/xmlrpc.php","Mozilla/4.0 (compatible; MSIE 7.0; Windows NT 10.0; WOW64; Trident/7.0; Touch; .NET4.0C; .NET4.0E; .NET CLR 2.0.50727; .NET CLR 3.0.30729; .NET CLR 3.5.30729; Tablet PC 2.0)","xmlrpc"
"172.69.165.22","2025-11-15T21:35:15Z","/xmlrpc.php","Mozilla/4.0 (compatible; MSIE 7.0; Windows NT 10.0; WOW64; Trident/7.0; Touch; .NET4.0C; .NET4.0E; .NET CLR 2.0.50727; .NET CLR 3.0.30729; .NET CLR 3.5.30729; Tablet PC 2.0)","xmlrpc"
"172.70.93.114","2025-11-15T21:35:25Z","/xmlrpc.php","Mozilla/4.0 (compatible; MSIE 7.0; Windows NT 10.0; WOW64; Trident/7.0; Touch; .NET4.0C; .NET4.0E; .NET CLR 2.0.50727; .NET CLR 3.0.30729; .NET CLR 3.5.30729; Tablet PC 2.0)","xmlrpc"
"162.158.108.95","2025-11-15T21:35:30Z","/xmlrpc.php","Mozilla/4.0 (compatible; MSIE 7.0; Windows NT 10.0; WOW64; Trident/7.0; Touch; .NET4.0C; .NET4.0E; .NET CLR 2.0.50727; .NET CLR 3.0.30729; .NET CLR 3.5.30729; Tablet PC 2.0)","xmlrpc"
"162.158.88.171","2025-11-15T21:39:23Z","/xmlrpc.php","Mozilla/4.0 (compatible; MSIE 7.0; Windows NT 6.2; WOW64; Trident/7.0; .NET4.0C; .NET4.0E; Tablet PC 2.0; .NET CLR 2.0.50727; .NET CLR 3.0.30729; .NET CLR 3.5.30729)","xmlrpc"
"172.70.93.114","2025-11-15T21:39:33Z","/xmlrpc.php","Mozilla/4.0 (compatible; MSIE 7.0; Windows NT 6.2; WOW64; Trident/7.0; .NET4.0C; .NET4.0E; Tablet PC 2.0; .NET CLR 2.0.50727; .NET CLR 3.0.30729; .NET CLR 3.5.30729)","xmlrpc"
"162.158.170.227","2025-11-15T21:39:40Z","/xmlrpc.php","Mozilla/4.0 (compatible; MSIE 7.0; Windows NT 6.2; WOW64; Trident/7.0; .NET4.0C; .NET4.0E; Tablet PC 2.0; .NET CLR 2.0.50727; .NET CLR 3.0.30729; .NET CLR 3.5.30729)","xmlrpc"
"172.71.124.41","2025-11-15T21:41:20Z","/xmlrpc.php","Mozilla/5.0 (Macintosh; Intel Mac OS X 10_12_6) AppleWebKit/604.4.7 (KHTML, like Gecko) Version/11.0.2 Safari/604.4.7","xmlrpc"
"162.158.106.90","2025-11-15T21:42:09Z","//xmlrpc.php?rsd","Mozilla/5.0 (Windows NT 10.0; Win64; x64) AppleWebKit/537.36 (KHTML, like Gecko) Chrome/78.0.3904.108 Safari/537.36","xmlrpc"
"172.69.166.126","2025-11-15T21:43:08Z","/xmlrpc.php","Mozilla/5.0 (Windows NT 10.0; WOW64; Trident/7.0; rv:11.0) like Gecko","xmlrpc"
"172.69.165.23","2025-11-15T21:43:24Z","/xmlrpc.php","Mozilla/5.0 (Windows NT 10.0; WOW64; Trident/7.0; rv:11.0) like Gecko","xmlrpc"
"172.69.166.126","2025-11-15T21:43:34Z","/xmlrpc.php","Mozilla/5.0 (Windows NT 10.0; WOW64; Trident/7.0; rv:11.0) like Gecko","xmlrpc"
"162.158.108.95","2025-11-15T21:43:35Z","/xmlrpc.php","Mozilla/4.0 (compatible; MSIE 7.0; Windows NT 6.1; WOW64; Trident/7.0; SLCC2; .NET CLR 2.0.50727; .NET4.0C; .NET4.0E)","xmlrpc"
"172.70.189.163","2025-11-15T21:43:44Z","/xmlrpc.php","Mozilla/5.0 (Windows NT 10.0; WOW64; Trident/7.0; rv:11.0) like Gecko","xmlrpc"
"162.158.189.91","2025-11-15T21:43:51Z","/xmlrpc.php","Mozilla/5.0 (Windows NT 10.0; WOW64; Trident/7.0; rv:11.0) like Gecko","xmlrpc"
"172.70.189.163","2025-11-15T21:43:57Z","/xmlrpc.php","Mozilla/5.0 (Windows NT 10.0; WOW64; Trident/7.0; rv:11.0) like Gecko","xmlrpc"
"172.71.81.167","2025-11-15T21:48:37Z","/xmlrpc.php","Mozilla/5.0 (Windows NT 6.2; ARM; Trident/7.0; Touch; rv:11.0; WPDesktop; NOKIA; Lumia 1320) like Gecko","xmlrpc"
"162.158.106.76","2025-11-15T21:50:22Z","/xmlrpc.php","Mozilla/5.0 (Macintosh; Intel Mac OS X 10_11_6) AppleWebKit/537.36 (KHTML, like Gecko) Chrome/66.0.3359.139 Safari/537.36","xmlrpc"
"172.70.189.163","2025-11-15T21:50:29Z","/xmlrpc.php","Mozilla/5.0 (Macintosh; Intel Mac OS X 10_11_6) AppleWebKit/537.36 (KHTML, like Gecko) Chrome/66.0.3359.139 Safari/537.36","xmlrpc"
"104.23.175.134","2025-11-15T21:50:53Z","/xmlrpc.php","Mozilla/5.0 (Windows NT 6.3; Win64; x64; Trident/7.0; Touch; rv:11.0) like Gecko","xmlrpc"
"108.162.226.31","2025-11-15T21:50:58Z","/xmlrpc.php","Mozilla/5.0 (Windows NT 6.3; Win64; x64; Trident/7.0; Touch; rv:11.0) like Gecko","xmlrpc"
"108.162.226.31","2025-11-15T21:51:02Z","/xmlrpc.php","Mozilla/5.0 (Windows NT 6.3; Win64; x64; Trident/7.0; Touch; rv:11.0) like Gecko","xmlrpc"
"108.162.226.31","2025-11-15T21:51:05Z","/xmlrpc.php","Mozilla/5.0 (Windows NT 6.3; Win64; x64; Trident/7.0; Touch; rv:11.0) like Gecko","xmlrpc"
"172.68.164.5","2025-11-15T21:51:13Z","/xmlrpc.php","Mozilla/5.0 (Windows NT 6.3; Win64; x64; Trident/7.0; Touch; rv:11.0) like Gecko","xmlrpc"
"104.23.175.134","2025-11-15T21:51:18Z","/xmlrpc.php","Mozilla/5.0 (Windows NT 6.3; Win64; x64; Trident/7.0; Touch; rv:11.0) like Gecko","xmlrpc"
"172.70.208.135","2025-11-15T21:51:36Z","/xmlrpc.php","Mozilla/5.0 (Windows NT 6.3; Win64; x64; Trident/7.0; Touch; rv:11.0) like Gecko","xmlrpc"
"172.68.164.137","2025-11-15T21:51:53Z","/xmlrpc.php","Mozilla/5.0 (Windows NT 6.3; Win64; x64; Trident/7.0; Touch; rv:11.0) like Gecko","xmlrpc"
"162.158.88.171","2025-11-15T21:52:07Z","/xmlrpc.php","Mozilla/5.0 (Windows NT 10.0; Win64; x64) AppleWebKit/537.36 (KHTML, like Gecko) Chrome/63.0.3239.108 Safari/537.36 OPR/50.0.2762.45","xmlrpc"
"162.158.88.171","2025-11-15T21:52:57Z","/xmlrpc.php","Mozilla/4.0 (compatible; MSIE 7.0; Windows NT 6.2; Win64; x64; Trident/7.0; .NET4.0E; .NET4.0C; .NET CLR 3.5.30729; .NET CLR 2.0.50727; .NET CLR 3.0.30729; InfoPath.3)","xmlrpc"
"172.71.81.167","2025-11-15T21:53:23Z","/xmlrpc.php","Mozilla/4.0 (compatible; MSIE 7.0; Windows NT 6.2; Win64; x64; Trident/7.0; .NET4.0E; .NET4.0C; .NET CLR 3.5.30729; .NET CLR 2.0.50727; .NET CLR 3.0.30729; InfoPath.3)","xmlrpc"
"172.68.164.78","2025-11-15T21:53:41Z","/xmlrpc.php","Mozilla/4.0 (compatible; MSIE 7.0; Windows NT 6.2; Win64; x64; Trident/7.0; .NET4.0E; .NET4.0C; .NET CLR 3.5.30729; .NET CLR 2.0.50727; .NET CLR 3.0.30729; InfoPath.3)","xmlrpc"
"162.158.106.76","2025-11-15T21:54:04Z","/xmlrpc.php","Mozilla/4.0 (compatible; MSIE 7.0; Windows NT 6.2; Win64; x64; Trident/7.0; .NET4.0E; .NET4.0C; .NET CLR 3.5.30729; .NET CLR 2.0.50727; .NET CLR 3.0.30729; InfoPath.3)","xmlrpc"
"172.70.92.232","2025-11-15T21:54:07Z","//xmlrpc.php?rsd","Mozilla/5.0 (Windows NT 10.0; Win64; x64) AppleWebKit/537.36 (KHTML, like Gecko) Chrome/88.0.4240.193 Safari/537.36","xmlrpc"
"172.70.189.50","2025-11-15T21:54:11Z","//xmlrpc.php?rsd","Mozilla/5.0 (Windows NT 10.0; Win64; x64) AppleWebKit/537.36 (KHTML, like Gecko) Chrome/88.0.4240.193 Safari/537.36","xmlrpc"
"162.158.106.76","2025-11-15T21:56:51Z","/xmlrpc.php","Mozilla/5.0 (X11; Ubuntu; Linux x86_64; rv:85.0) Gecko/20100101 Firefox/91.0","xmlrpc"
"172.70.208.114","2025-11-15T21:58:11Z","/xmlrpc.php","Mozilla/5.0 (Macintosh; Intel Mac OS X 10_10_5) AppleWebKit/602.2.14 (KHTML, like Gecko) Version/10.0.1 Safari/602.2.14","xmlrpc"
"172.70.208.135","2025-11-15T21:58:22Z","/xmlrpc.php","Mozilla/5.0 (Macintosh; Intel Mac OS X 10_10_5) AppleWebKit/602.2.14 (KHTML, like Gecko) Version/10.0.1 Safari/602.2.14","xmlrpc"
"172.70.142.50","2025-11-15T21:58:36Z","/xmlrpc.php","Mozilla/5.0 (Macintosh; Intel Mac OS X 10_10_5) AppleWebKit/602.2.14 (KHTML, like Gecko) Version/10.0.1 Safari/602.2.14","xmlrpc"
"172.69.166.126","2025-11-15T22:02:03Z","/xmlrpc.php","Mozilla/5.0 (Windows NT 6.1; rv:60.0) Gecko/20100101 Firefox/60.0","xmlrpc"
"162.158.106.76","2025-11-15T22:02:23Z","/xmlrpc.php","Mozilla/5.0 (Windows NT 6.1; rv:60.0) Gecko/20100101 Firefox/60.0","xmlrpc"
"162.158.88.171","2025-11-15T22:02:35Z","/xmlrpc.php","Mozilla/5.0 (Windows NT 6.1; rv:60.0) Gecko/20100101 Firefox/60.0","xmlrpc"
"104.23.175.134","2025-11-15T22:02:43Z","/xmlrpc.php","Mozilla/5.0 (Windows NT 6.1; rv:60.0) Gecko/20100101 Firefox/60.0","xmlrpc"
"162.158.170.227","2025-11-15T22:02:48Z","/xmlrpc.php","Mozilla/5.0 (Windows NT 6.1; rv:60.0) Gecko/20100101 Firefox/60.0","xmlrpc"
"162.158.108.95","2025-11-15T22:02:55Z","/xmlrpc.php","Mozilla/5.0 (Windows NT 6.1; rv:60.0) Gecko/20100101 Firefox/60.0","xmlrpc"
"162.158.88.171","2025-11-15T22:02:59Z","/xmlrpc.php","Mozilla/5.0 (Windows NT 6.1; rv:60.0) Gecko/20100101 Firefox/60.0","xmlrpc"
"162.158.108.95","2025-11-15T22:03:04Z","/xmlrpc.php","Mozilla/5.0 (Windows NT 6.1; rv:60.0) Gecko/20100101 Firefox/60.0","xmlrpc"
"104.23.175.134","2025-11-15T22:03:53Z","/xmlrpc.php","Mozilla/5.0 (Windows NT 6.3; Win64; x64) AppleWebKit/537.36 (KHTML, like Gecko) Chrome/66.0.3359.181 Safari/537.36","xmlrpc"
"172.70.208.135","2025-11-15T22:09:01Z","/xmlrpc.php","Mozilla/4.0 (compatible; MSIE 7.0; Windows NT 6.1; WOW64; Trident/7.0; SLCC2; .NET CLR 2.0.50727; .NET CLR 3.5.30729; .NET CLR 3.0.30729; Media Center PC 6.0; .NET4.0C; .NET4.0E; MS-RTC LM 8)","xmlrpc"
"172.70.142.50","2025-11-15T22:09:20Z","/xmlrpc.php","Mozilla/4.0 (compatible; MSIE 7.0; Windows NT 6.1; WOW64; Trident/7.0; SLCC2; .NET CLR 2.0.50727; .NET CLR 3.5.30729; .NET CLR 3.0.30729; Media Center PC 6.0; .NET4.0C; .NET4.0E; MS-RTC LM 8)","xmlrpc"
"162.158.170.227","2025-11-15T22:09:41Z","/xmlrpc.php","Mozilla/4.0 (compatible; MSIE 7.0; Windows NT 6.1; WOW64; Trident/7.0; SLCC2; .NET CLR 2.0.50727; .NET CLR 3.5.30729; .NET CLR 3.0.30729; Media Center PC 6.0; .NET4.0C; .NET4.0E; MS-RTC LM 8)","xmlrpc"
"172.70.93.114","2025-11-15T22:10:56Z","/xmlrpc.php","Mozilla/5.0 (Windows NT 6.3; WOW64; Trident/7.0; AS; rv:11.0) like Gecko","xmlrpc"
"172.69.176.8","2025-11-15T22:13:04Z","/xmlrpc.php","Mozilla/5.0 (Windows NT 10.0; WOW64; Trident/7.0; Touch; TBTE; rv:11.0) like Gecko","xmlrpc"
"172.69.176.8","2025-11-15T22:18:50Z","/xmlrpc.php","Mozilla/5.0 (Windows NT 10.0; Win64; x64) AppleWebKit/537.36 (KHTML, like Gecko) Chrome/52.0.2743.116 Safari/537.36 Edge/15.15063","xmlrpc"
"172.69.166.126","2025-11-15T22:19:03Z","/xmlrpc.php","Mozilla/5.0 (Windows NT 10.0; Win64; x64) AppleWebKit/537.36 (KHTML, like Gecko) Chrome/52.0.2743.116 Safari/537.36 Edge/15.15063","xmlrpc"
"172.69.165.22","2025-11-15T22:26:18Z","/xmlrpc.php","Mozilla/5.0 (Windows NT 6.1; WOW64; Trident/7.0; MATP; MATP; MATPJS; rv:11.0) like Gecko","xmlrpc"
"104.23.175.134","2025-11-15T22:26:43Z","/xmlrpc.php","Mozilla/5.0 (Windows NT 6.1; WOW64; Trident/7.0; MATP; MATP; MATPJS; rv:11.0) like Gecko","xmlrpc"
"172.69.176.8","2025-11-15T22:27:06Z","/xmlrpc.php","Mozilla/5.0 (Windows NT 6.1; WOW64; Trident/7.0; MATP; MATP; MATPJS; rv:11.0) like Gecko","xmlrpc"
"162.158.108.95","2025-11-15T22:27:28Z","/xmlrpc.php","Mozilla/5.0 (Windows NT 6.1; WOW64; Trident/7.0; MATP; MATP; MATPJS; rv:11.0) like Gecko","xmlrpc"
"162.158.88.171","2025-11-15T22:30:11Z","/xmlrpc.php","Mozilla/5.0 (X11; Ubuntu; Linux x86_64; rv:85.0) Gecko/20100101 Firefox/91.0","xmlrpc"
"162.158.88.171","2025-11-15T22:31:49Z","/xmlrpc.php","Mozilla/5.0 (Windows NT 6.1) AppleWebKit/537.36 (KHTML, like Gecko) Chrome/66.0.3359.181 Safari/537.36","xmlrpc"
"172.70.142.50","2025-11-15T22:32:10Z","/xmlrpc.php","Mozilla/5.0 (Windows NT 6.1; WOW64; Trident/7.0; ATT-IE11; rv:11.0) like Gecko","xmlrpc"
"172.68.164.78","2025-11-15T22:32:43Z","/xmlrpc.php","Mozilla/5.0 (Windows NT 6.1; WOW64; Trident/7.0; ATT-IE11; rv:11.0) like Gecko","xmlrpc"
"172.70.189.163","2025-11-15T22:33:19Z","/xmlrpc.php","Mozilla/5.0 (Windows NT 6.1; WOW64; Trident/7.0; ATT-IE11; rv:11.0) like Gecko","xmlrpc"
"172.69.176.8","2025-11-15T22:33:36Z","/xmlrpc.php","Mozilla/5.0 (Windows NT 6.1; WOW64; Trident/7.0; ATT-IE11; rv:11.0) like Gecko","xmlrpc"
"162.158.106.77","2025-11-15T22:33:47Z","/xmlrpc.php","Mozilla/5.0 (Windows NT 6.1; WOW64; Trident/7.0; HO32600; HO32600R; rv:11.0) like Gecko","xmlrpc"
"162.158.107.69","2025-11-15T22:34:14Z","/xmlrpc.php","Mozilla/5.0 (Windows NT 6.1; WOW64; Trident/7.0; ATT-IE11; rv:11.0) like Gecko","xmlrpc"
"172.71.81.167","2025-11-15T22:34:38Z","/xmlrpc.php","Mozilla/5.0 (Windows NT 6.1; WOW64; Trident/7.0; ATT-IE11; rv:11.0) like Gecko","xmlrpc"
"172.68.164.78","2025-11-15T22:35:18Z","/xmlrpc.php","Mozilla/5.0 (Windows NT 6.1; WOW64; Trident/7.0; ATT-IE11; rv:11.0) like Gecko","xmlrpc"
"108.162.226.31","2025-11-15T22:35:47Z","/xmlrpc.php","Mozilla/5.0 (Windows NT 6.1; WOW64; Trident/7.0; HO32600; HO32600R; rv:11.0) like Gecko","xmlrpc"
"162.158.189.90","2025-11-15T22:36:08Z","/xmlrpc.php","Mozilla/5.0 (Windows NT 6.1; WOW64; Trident/7.0; HO32600; HO32600R; rv:11.0) like Gecko","xmlrpc"
"172.68.164.78","2025-11-15T22:38:20Z","/xmlrpc.php","Mozilla/4.0 (compatible; MSIE 8.0; Windows NT 6.2; WOW64; Trident/7.0; .NET4.0C; .NET4.0E; .NET CLR 2.0.50727; .NET CLR 3.0.30729; .NET CLR 3.5.30729)","xmlrpc"
"172.70.142.50","2025-11-15T22:40:00Z","/xmlrpc.php","Mozilla/5.0 (compatible, MSIE 11, Windows NT 6.3; Trident/7.0; rv:11.0) like Gecko","xmlrpc"
"162.158.106.77","2025-11-15T22:43:21Z","/xmlrpc.php","Mozilla/5.0 (Windows NT 6.1; WOW64) AppleWebKit/537.36 (KHTML, like Gecko) Chrome/67.0.3396.79 Safari/537.36","xmlrpc"
"104.23.175.135","2025-11-15T22:43:35Z","/xmlrpc.php","Mozilla/5.0 (Macintosh; Intel Mac OS X 10_13_3) AppleWebKit/537.36 (KHTML, like Gecko) Chrome/66.0.3359.181 Safari/537.36","xmlrpc"
"172.70.208.134","2025-11-15T22:43:38Z","/xmlrpc.php","Mozilla/5.0 (Windows NT 6.1; WOW64) AppleWebKit/537.36 (KHTML, like Gecko) Chrome/67.0.3396.79 Safari/537.36","xmlrpc"
"172.70.189.163","2025-11-15T22:43:54Z","/xmlrpc.php","Mozilla/5.0 (Windows NT 6.1; WOW64) AppleWebKit/537.36 (KHTML, like Gecko) Chrome/67.0.3396.79 Safari/537.36","xmlrpc"
"172.71.81.167","2025-11-15T22:44:00Z","/xmlrpc.php","Mozilla/5.0 (Windows NT 6.1; WOW64) AppleWebKit/537.36 (KHTML, like Gecko) Chrome/67.0.3396.79 Safari/537.36","xmlrpc"
"172.70.142.50","2025-11-15T22:44:06Z","/xmlrpc.php","Mozilla/5.0 (Macintosh; Intel Mac OS X 10_13_3) AppleWebKit/537.36 (KHTML, like Gecko) Chrome/66.0.3359.181 Safari/537.36","xmlrpc"
"172.69.165.22","2025-11-15T22:44:35Z","/xmlrpc.php","Mozilla/5.0 (Macintosh; Intel Mac OS X 10_13_3) AppleWebKit/537.36 (KHTML, like Gecko) Chrome/66.0.3359.181 Safari/537.36","xmlrpc"
"172.69.165.22","2025-11-15T22:44:50Z","/xmlrpc.php?rsd","Mozilla/5.0 (Windows NT 10.0; Win64; x64) AppleWebKit/537.36 (KHTML, like Gecko) Chrome/88.0.4240.193 Safari/537.36","xmlrpc"
"172.69.165.22","2025-11-15T22:44:51Z","/xmlrpc.php","Mozilla/5.0 (Windows NT 10.0; Win64; x64) AppleWebKit/537.36 (KHTML, like Gecko) Chrome/88.0.4240.193 Safari/537.36","xmlrpc"
"172.69.165.22","2025-11-15T22:44:51Z","/xmlrpc.php","Mozilla/5.0 (Windows NT 10.0; Win64; x64) AppleWebKit/537.36 (KHTML, like Gecko) Chrome/88.0.4240.193 Safari/537.36","xmlrpc"
"172.69.165.22","2025-11-15T22:44:51Z","/xmlrpc.php","Mozilla/5.0 (Windows NT 10.0; Win64; x64) AppleWebKit/537.36 (KHTML, like Gecko) Chrome/88.0.4240.193 Safari/537.36","xmlrpc"
"172.69.165.22","2025-11-15T22:44:51Z","/xmlrpc.php","Mozilla/5.0 (Windows NT 10.0; Win64; x64) AppleWebKit/537.36 (KHTML, like Gecko) Chrome/88.0.4240.193 Safari/537.36","xmlrpc"
"172.70.208.135","2025-11-15T22:44:59Z","/xmlrpc.php","Mozilla/5.0 (Macintosh; Intel Mac OS X 10_13_3) AppleWebKit/537.36 (KHTML, like Gecko) Chrome/66.0.3359.181 Safari/537.36","xmlrpc"
"108.162.226.30","2025-11-15T22:45:13Z","/xmlrpc.php","Mozilla/5.0 (Macintosh; Intel Mac OS X 10_13_3) AppleWebKit/537.36 (KHTML, like Gecko) Chrome/66.0.3359.181 Safari/537.36","xmlrpc"
"172.70.93.115","2025-11-15T22:45:20Z","/xmlrpc.php","Mozilla/5.0 (Macintosh; Intel Mac OS X 10_13_3) AppleWebKit/537.36 (KHTML, like Gecko) Chrome/66.0.3359.181 Safari/537.36","xmlrpc"
"162.158.88.171","2025-11-15T22:45:23Z","/xmlrpc.php","Mozilla/5.0 (Macintosh; Intel Mac OS X 10_13_3) AppleWebKit/537.36 (KHTML, like Gecko) Chrome/66.0.3359.181 Safari/537.36","xmlrpc"
"162.158.189.90","2025-11-15T22:45:25Z","/xmlrpc.php","Mozilla/5.0 (Windows NT 6.3; Win64, x64; Trident/7.0; rv:11.0) like Gecko","xmlrpc"
"172.70.93.114","2025-11-15T22:45:26Z","/xmlrpc.php","Mozilla/5.0 (Macintosh; Intel Mac OS X 10_13_3) AppleWebKit/537.36 (KHTML, like Gecko) Chrome/66.0.3359.181 Safari/537.36","xmlrpc"
"162.158.108.95","2025-11-15T22:46:50Z","/xmlrpc.php","Mozilla/5.0 (Windows NT 6.1; Win64; x64) AppleWebKit/537.36 (KHTML, like Gecko) Chrome/65.0.3325.146 Safari/537.36","xmlrpc"
"172.70.208.89","2025-11-15T22:46:54Z","/xmlrpc.php","Mozilla/5.0 (Windows NT 6.1; Win64; x64) AppleWebKit/537.36 (KHTML, like Gecko) Chrome/65.0.3325.146 Safari/537.36","xmlrpc"
"172.70.142.50","2025-11-15T22:46:56Z","/xmlrpc.php","Mozilla/5.0 (Windows NT 6.1; Win64; x64) AppleWebKit/537.36 (KHTML, like Gecko) Chrome/65.0.3325.146 Safari/537.36","xmlrpc"
"172.71.124.41","2025-11-15T22:46:58Z","/xmlrpc.php","Mozilla/5.0 (Windows NT 6.1; Win64; x64) AppleWebKit/537.36 (KHTML, like Gecko) Chrome/65.0.3325.146 Safari/537.36","xmlrpc"
"172.70.208.135","2025-11-15T22:46:59Z","/xmlrpc.php","Mozilla/5.0 (Windows NT 6.1; Win64; x64) AppleWebKit/537.36 (KHTML, like Gecko) Chrome/65.0.3325.146 Safari/537.36","xmlrpc"
"172.71.124.41","2025-11-15T22:47:01Z","/xmlrpc.php","Mozilla/5.0 (Windows NT 6.1; Win64; x64) AppleWebKit/537.36 (KHTML, like Gecko) Chrome/65.0.3325.146 Safari/537.36","xmlrpc"
"172.68.164.78","2025-11-15T22:47:05Z","/xmlrpc.php","Mozilla/5.0 (Windows NT 6.1; Win64; x64) AppleWebKit/537.36 (KHTML, like Gecko) Chrome/65.0.3325.146 Safari/537.36","xmlrpc"
"104.23.175.134","2025-11-15T22:47:08Z","/xmlrpc.php","Mozilla/5.0 (Windows NT 6.1; Win64; x64) AppleWebKit/537.36 (KHTML, like Gecko) Chrome/65.0.3325.146 Safari/537.36","xmlrpc"
"172.70.189.163","2025-11-15T22:48:47Z","/xmlrpc.php","Mozilla/5.0 (Windows NT 6.1; Win64; x64) AppleWebKit/537.36 (KHTML, like Gecko) Chrome/65.0.3325.146 Safari/537.36","xmlrpc"
"172.70.142.50","2025-11-15T23:00:45Z","/xmlrpc.php","Mozilla/5.0 (Windows NT 10.0; Win64; x64; WebView/3.0) AppleWebKit/537.36 (KHTML, like Gecko) Chrome/58.0.3029.110 Safari/537.36 Edge/16.16299","xmlrpc"
"172.70.208.135","2025-11-15T23:01:01Z","/xmlrpc.php","Mozilla/5.0 (compatible; MSIE 9.0; Windows NT 6.2; Win64; x64; Trident/7.0)","xmlrpc"
"172.69.165.22","2025-11-15T23:01:31Z","/xmlrpc.php","Mozilla/5.0 (compatible; MSIE 9.0; Windows NT 6.2; Win64; x64; Trident/7.0)","xmlrpc"
"172.71.81.167","2025-11-15T23:01:59Z","/xmlrpc.php","Mozilla/5.0 (compatible; MSIE 9.0; Windows NT 6.2; Win64; x64; Trident/7.0)","xmlrpc"
"104.23.175.134","2025-11-15T23:02:24Z","/xmlrpc.php","Mozilla/5.0 (compatible; MSIE 9.0; Windows NT 6.2; Win64; x64; Trident/7.0)","xmlrpc"
"172.70.208.135","2025-11-15T23:02:55Z","/xmlrpc.php","Mozilla/5.0 (compatible; MSIE 9.0; Windows NT 6.2; Win64; x64; Trident/7.0)","xmlrpc"
"104.23.175.134","2025-11-15T23:03:10Z","/xmlrpc.php","Mozilla/5.0 (X11; Linux x86_64) AppleWebKit/537.36 (KHTML, like Gecko) Chrome/65.0.3325.181 Safari/537.36","xmlrpc"
"172.70.189.164","2025-11-15T23:03:43Z","/xmlrpc.php","Mozilla/5.0 (Macintosh; Intel Mac OS X 10_11_6) AppleWebKit/537.36 (KHTML, like Gecko) Chrome/65.0.3325.162 Safari/537.36","xmlrpc"
"172.70.208.134","2025-11-15T23:05:31Z","/xmlrpc.php","Mozilla/5.0 (X11; Ubuntu; Linux x86_64; rv:85.0) Gecko/20100101 Firefox/91.0","xmlrpc"
"172.69.176.9","2025-11-15T23:14:45Z","/xmlrpc.php","Mozilla/5.0 (Windows NT 6.1; WOW64; Trident/7.0; BOIE9;ENUSMSE; rv:11.0) like Gecko","xmlrpc"
"172.71.81.168","2025-11-15T23:15:26Z","/xmlrpc.php","Mozilla/5.0 (Windows NT 6.0; Win64; x64) AppleWebKit/537.36 (KHTML, like Gecko) Chrome/66.0.3359.117 Safari/537.36","xmlrpc"
"162.158.189.90","2025-11-15T23:16:33Z","/xmlrpc.php","Mozilla/5.0 (X11; CrOS x86_64 10452.99.0) AppleWebKit/537.36 (KHTML, like Gecko) Chrome/66.0.3359.203 Safari/537.36","xmlrpc"
"172.70.208.134","2025-11-15T23:17:03Z","/xmlrpc.php","Mozilla/5.0 (X11; CrOS x86_64 10452.99.0) AppleWebKit/537.36 (KHTML, like Gecko) Chrome/66.0.3359.203 Safari/537.36","xmlrpc"
"162.158.108.94","2025-11-15T23:17:29Z","/xmlrpc.php","Mozilla/5.0 (compatible; MSIE 9.0; Windows NT 6.1; Win64; x64; Trident/7.0)","xmlrpc"
"162.158.170.226","2025-11-15T23:18:15Z","/xmlrpc.php","Mozilla/5.0 (Windows NT 10.0; WOW64; rv:61.0) Gecko/20100101 Firefox/61.0","xmlrpc"
"172.71.81.167","2025-11-15T23:21:23Z","/xmlrpc.php","Mozilla/5.0 (X11; Ubuntu; Linux x86_64; rv:61.0) Gecko/20100101 Firefox/61.0","xmlrpc"
"172.71.124.40","2025-11-15T23:21:25Z","/xmlrpc.php","Mozilla/5.0 (Macintosh; Intel Mac OS X 10_12_6) AppleWebKit/537.36 (KHTML, like Gecko) Chrome/67.0.3396.62 Safari/537.36","xmlrpc"
"104.23.175.134","2025-11-15T23:21:53Z","/xmlrpc.php","Mozilla/5.0 (Macintosh; Intel Mac OS X 10_12_6) AppleWebKit/537.36 (KHTML, like Gecko) Chrome/67.0.3396.62 Safari/537.36","xmlrpc"
"172.68.211.109","2025-11-15T23:22:13Z","/xmlrpc.php","Mozilla/5.0 (Windows NT 10.0; WOW64; Trident/7.0; Touch; MASAJS; rv:11.0) like Gecko","xmlrpc"
"162.158.108.94","2025-11-15T23:29:37Z","/xmlrpc.php","Mozilla/5.0 (MSIE 9.0; Windows NT 6.1; WOW64; Trident/7.0; rv:11.0) like Gecko","xmlrpc"
"172.69.176.9","2025-11-15T23:30:12Z","/xmlrpc.php","Mozilla/5.0 (MSIE 9.0; Windows NT 6.1; WOW64; Trident/7.0; rv:11.0) like Gecko","xmlrpc"
"172.69.165.22","2025-11-15T23:30:37Z","/xmlrpc.php","Mozilla/5.0 (MSIE 9.0; Windows NT 6.1; WOW64; Trident/7.0; rv:11.0) like Gecko","xmlrpc"
"172.69.176.9","2025-11-15T23:30:52Z","/xmlrpc.php","Mozilla/5.0 (MSIE 9.0; Windows NT 6.1; WOW64; Trident/7.0; rv:11.0) like Gecko","xmlrpc"
"108.162.226.30","2025-11-15T23:31:30Z","/xmlrpc.php","Mozilla/5.0 (MSIE 9.0; Windows NT 6.1; WOW64; Trident/7.0; rv:11.0) like Gecko","xmlrpc"
"172.70.142.50","2025-11-15T23:31:40Z","/xmlrpc.php","Mozilla/5.0 (Windows NT 6.1; WOW64; Trident/7.0; ASJB; ASJB; MAAU; rv:11.0) like Gecko","xmlrpc"
"108.162.226.30","2025-11-15T23:32:00Z","/xmlrpc.php","Mozilla/5.0 (MSIE 9.0; Windows NT 6.1; WOW64; Trident/7.0; rv:11.0) like Gecko","xmlrpc"
"172.70.208.135","2025-11-15T23:32:22Z","/xmlrpc.php","Mozilla/5.0 (MSIE 9.0; Windows NT 6.1; WOW64; Trident/7.0; rv:11.0) like Gecko","xmlrpc"
"104.23.175.135","2025-11-15T23:37:46Z","/xmlrpc.php","Mozilla/5.0 (Windows NT 6.3; WOW64; Trident/7.0; rv:11.0; i-Macros-Web-Automation) like Gecko","xmlrpc"
"172.71.81.168","2025-11-15T23:38:20Z","/xmlrpc.php","Mozilla/5.0 (Windows NT 6.3; WOW64; Trident/7.0; rv:11.0; i-Macros-Web-Automation) like Gecko","xmlrpc"
"172.68.164.78","2025-11-15T23:39:17Z","/xmlrpc.php","Mozilla/5.0 (Windows NT 6.3; WOW64; Trident/7.0; rv:11.0; i-Macros-Web-Automation) like Gecko","xmlrpc"
"172.69.165.22","2025-11-15T23:39:44Z","/xmlrpc.php","Mozilla/5.0 (Windows NT 6.3; WOW64; Trident/7.0; rv:11.0; i-Macros-Web-Automation) like Gecko","xmlrpc"
"172.71.124.40","2025-11-15T23:41:12Z","/xmlrpc.php","Mozilla/5.0 (Windows NT 6.3; WOW64; Trident/7.0; MDDCJS; rv:11.0) like Gecko","xmlrpc"
"172.70.208.134","2025-11-15T23:44:48Z","/xmlrpc.php","Mozilla/4.0 (compatible; MSIE 7.0; Windows NT 6.1; Trident/7.0; SLCC2; .NET CLR 2.0.50727; .NET CLR 3.5.30729; .NET CLR 3.0.30729; .NET4.0C; .NET4.0E)","xmlrpc"
"162.158.190.13","2025-11-15T23:47:09Z","/xmlrpc.php","Mozilla/5.0 (Macintosh; Intel Mac OS X 10_11_6) AppleWebKit/602.3.12 (KHTML, like Gecko) Version/10.0.2 Safari/602.3.12","xmlrpc"
"162.158.88.171","2025-11-15T23:47:53Z","/xmlrpc.php","Mozilla/5.0 (compatible; MSIE 10.0; Windows NT 6.1; Win64; x64; Trident/7.0)","xmlrpc"
"172.71.82.71","2025-11-15T23:48:07Z","/xmlrpc.php?rsd","Mozilla/5.0 (Windows NT 10.0; Win64; x64) AppleWebKit/537.36 (KHTML, like Gecko) Chrome/123.0.0.0 Safari/537.36","xmlrpc"
"172.71.124.19","2025-11-15T23:48:30Z","/xmlrpc.php?rsd","Mozilla/5.0 (Windows NT 10.0; Win64; x64) AppleWebKit/537.36 (KHTML, like Gecko) Chrome/123.0.0.0 Safari/537.36","xmlrpc"
"172.69.165.22","2025-11-15T23:50:51Z","/xmlrpc.php","Mozilla/5.0 (Windows NT 10.0; WOW64; Trident/7.0; MASMJS; rv:11.0) like Gecko","xmlrpc"
"172.70.208.134","2025-11-15T23:55:31Z","/xmlrpc.php","Mozilla/5.0 (Windows NT 10.0; WOW64) AppleWebKit/537.36 (KHTML, like Gecko) Chrome/63.0.3239.132 Safari/537.36 OPR/50.0.2762.67","xmlrpc"
"172.69.166.126","2025-11-15T23:55:43Z","/xmlrpc.php","Mozilla/5.0 (Windows NT 10.0; WOW64) AppleWebKit/537.36 (KHTML, like Gecko) Chrome/63.0.3239.132 Safari/537.36 OPR/50.0.2762.67","xmlrpc"
"162.158.170.227","2025-11-15T23:56:14Z","/xmlrpc.php","Mozilla/5.0 (Windows NT 10.0; WOW64) AppleWebKit/537.36 (KHTML, like Gecko) Chrome/63.0.3239.132 Safari/537.36 OPR/50.0.2762.67","xmlrpc"
"172.70.208.134","2025-11-15T23:57:32Z","/xmlrpc.php","Mozilla/5.0 (Macintosh; Intel Mac OS X 10_13_4) AppleWebKit/605.1.15 (KHTML, like Gecko) Version/11.1 Safari/605.1.15","xmlrpc"
"162.158.106.76","2025-11-15T23:57:50Z","/xmlrpc.php","Mozilla/5.0 (Macintosh; Intel Mac OS X 10_13_4) AppleWebKit/605.1.15 (KHTML, like Gecko) Version/11.1 Safari/605.1.15","xmlrpc"
"162.158.106.76","2025-11-15T23:59:17Z","/xmlrpc.php","Mozilla/5.0 (Windows NT 10.0; WOW64) AppleWebKit/537.36 (KHTML, like Gecko) Chrome/65.0.3325.181 Safari/537.36 OPR/52.0.2871.64","xmlrpc"
"162.158.170.227","2025-11-15T23:59:25Z","/xmlrpc.php","Mozilla/5.0 (Windows NT 10.0; WOW64) AppleWebKit/537.36 (KHTML, like Gecko) Chrome/65.0.3325.181 Safari/537.36 OPR/52.0.2871.64","xmlrpc"
"162.158.108.95","2025-11-15T23:59:32Z","/xmlrpc.php","Mozilla/5.0 (Windows NT 10.0; WOW64) AppleWebKit/537.36 (KHTML, like Gecko) Chrome/65.0.3325.181 Safari/537.36 OPR/52.0.2871.64","xmlrpc"
"162.158.170.226","2025-11-15T23:59:41Z","/xmlrpc.php","Mozilla/5.0 (Windows NT 6.1) AppleWebKit/537.36 (KHTML, like Gecko) Chrome/67.0.3396.87 Safari/537.36","xmlrpc"
"108.162.226.31","2025-11-15T23:59:43Z","/xmlrpc.php","Mozilla/5.0 (Windows NT 10.0; WOW64) AppleWebKit/537.36 (KHTML, like Gecko) Chrome/65.0.3325.181 Safari/537.36 OPR/52.0.2871.64","xmlrpc"
"162.158.189.90","2025-11-15T23:59:49Z","/xmlrpc.php","Mozilla/5.0 (Windows NT 10.0; WOW64) AppleWebKit/537.36 (KHTML, like Gecko) Chrome/65.0.3325.181 Safari/537.36 OPR/52.0.2871.64","xmlrpc"
"172.70.208.134","2025-11-15T23:59:58Z","/xmlrpc.php","Mozilla/5.0 (Windows NT 10.0; WOW64) AppleWebKit/537.36 (KHTML, like Gecko) Chrome/65.0.3325.181 Safari/537.36 OPR/52.0.2871.64","xmlrpc"
